Time(s), Twind(°C), TMotCase(°C), Flat_i(N), Flat_o(N), Flat_r(N), Frad_i(N), Frad_o(N), Frad_r(N)
0.000000, 25.000000, 25.000000, 0.000000, 0.000000, 0.000000, 0.000000, 0.000000, 0.000000, 0.000000
1.554498, 25.000000, 25.000000, 0.000000, 0.000000, 0.000000, 0.000000, 0.000000, 0.000000, 10.000000
3.142022, 25.000000, 25.000000, 0.000000, 0.000000, 0.000000, 0.000000, 0.000000, 0.000000, 20.000000
4.763721, 25.000000, 25.000000, 0.000000, 0.000000, 0.000000, 0.000000, 0.000000, 0.000000, 30.000000
6.420587, 25.000000, 25.000000, 0.000000, 0.000000, 0.000000, 0.000000, 0.000000, 0.000000, 40.000000
8.113653, 25.000000, 25.000000, 0.000000, 0.000000, 0.000000, 0.000000, 0.000000, 0.000000, 50.000000
9.844293, 25.000000, 25.000000, 0.000000, 0.000000, 0.000000, 0.000000, 0.000000, 0.000000, 60.000000
11.614511, 25.000000, 25.000000, 0.000000, 0.000000, 0.000000, 0.000000, 0.000000, 0.000000, 70.000000
13.427196, 25.000000, 25.000000, 0.000000, 0.000000, 0.000000, 0.000000, 0.000000, 0.000000, 80.000000
15.286100, 25.000000, 25.000000, 0.000000, 0.000000, 0.000000, 0.000000, 0.000000, 0.000000, 90.000000
17.193928, 25.000000, 25.000000, 0.000000, 0.000000, 0.000000, 0.000000, 0.000000, 0.000000, 100.000000
19.148571, 25.000000, 25.000000, 0.000000, 0.000000, 0.000000, 0.000000, 0.000000, 0.000000, 110.000000
21.140612, 25.000000, 25.000000, 0.000000, 0.000000, 0.000000, 0.000000, 0.000000, 0.000000, 120.000000
23.153484, 25.000000, 25.000000, 0.000000, 0.000000, 0.000000, 0.000000, 0.000000, 0.000000, 130.000000
25.164755, 25.000000, 25.000000, 0.000000, 0.000000, 0.000000, 0.000000, 0.000000, 0.000000, 140.000000
27.149834, 25.000000, 25.000000, 0.000000, 0.000000, 0.000000, 0.000000, 0.000000, 0.000000, 150.000000
29.087570, 25.000000, 25.000000, 0.000000, 0.000000, 0.000000, 0.000000, 0.000000, 0.000000, 160.000000
30.963022, 25.000000, 25.000000, 0.000000, 0.000000, 0.000000, 0.000000, 0.000000, 0.000000, 170.000000
32.767796, 25.000000, 25.000000, 0.000000, 0.000000, 0.000000, 0.000000, 0.000000, 0.000000, 180.000000
34.499008, 25.000000, 25.000000, 0.000000, 0.000000, 0.000000, 0.000000, 0.000000, 0.000000, 190.000000
36.157536, 25.000000, 25.000000, 0.000000, 0.000000, 0.000000, 0.000000, 0.000000, 0.000000, 200.000000
37.746178, 25.000000, 25.000000, 0.000000, 0.000000, 0.000000, 0.000000, 0.000000, 0.000000, 210.000000
39.268501, 25.000000, 25.000000, 0.000000, 0.000000, 0.000000, 0.000000, 0.000000, 0.000000, 220.000000
40.728512, 25.000000, 25.000000, 0.000000, 0.000000, 0.000000, 0.000000, 0.000000, 0.000000, 230.000000
42.130581, 25.000000, 25.000000, 0.000000, 0.000000, 0.000000, 0.000000, 0.000000, 0.000000, 240.000000
43.479275, 25.000000, 25.000000, 0.000000, 0.000000, 0.000000, 0.000000, 0.000000, 0.000000, 250.000000
44.779266, 25.000000, 25.000000, 0.000000, 0.000000, 0.000000, 0.000000, 0.000000, 0.000000, 260.000000
46.035320, 25.000000, 25.000000, 0.000000, 0.000000, 0.000000, 0.000000, 0.000000, 0.000000, 270.000000
47.252098, 25.000000, 25.000000, 0.000000, 0.000000, 0.000000, 0.000000, 0.000000, 0.000000, 280.000000
48.433968, 25.000000, 25.000000, 0.000000, 0.000000, 0.000000, 0.000000, 0.000000, 0.000000, 290.000000
49.584995, 25.000000, 25.000000, 0.000000, 0.000000, 0.000000, 0.000000, 0.000000, 0.000000, 300.000000
50.709148, 25.000000, 25.000000, 0.000000, 0.000000, 0.000000, 0.000000, 0.000000, 0.000000, 310.000000
51.810455, 25.000000, 25.000000, 0.000000, 0.000000, 0.000000, 0.000000, 0.000000, 0.000000, 320.000000
52.893078, 25.000000, 25.000000, 0.000000, 0.000000, 0.000000, 0.000000, 0.000000, 0.000000, 330.000000
53.961124, 25.000000, 25.000000, 0.000000, 0.000000, 0.000000, 0.000000, 0.000000, 0.000000, 340.000000
55.018394, 25.000000, 25.000000, 0.000000, 0.000000, 0.000000, 0.000000, 0.000000, 0.000000, 350.000000
56.068123, 25.000000, 25.000000, 0.000000, 0.000000, 0.000000, 0.000000, 0.000000, 0.000000, 360.000000
57.112793, 25.000000, 25.000000, 0.000000, 0.000000, 0.000000, 0.000000, 0.000000, 0.000000, 370.000000
58.153938, 25.000000, 25.000000, 0.000000, 0.000000, 0.000000, 0.000000, 0.000000, 0.000000, 380.000000
59.192310, 25.000000, 25.000000, 0.000000, 0.000000, 0.000000, 0.000000, 0.000000, 0.000000, 390.000000
60.228111, 25.000000, 25.000000, 0.000000, 0.000000, 0.000000, 0.000000, 0.000000, 0.000000, 400.000000
61.261425, 25.000000, 25.000000, 0.000000, 0.000000, 0.000000, 0.000000, 0.000000, 0.000000, 410.000000
62.292656, 25.000000, 25.000000, 0.000000, 0.000000, 0.000000, 0.000000, 0.000000, 0.000000, 420.000000
63.322350, 25.000000, 25.000000, 0.000000, 0.000000, 0.000000, 0.000000, 0.000000, 0.000000, 430.000000
64.351341, 25.000000, 25.000000, 0.000000, 0.000000, 0.000000, 0.000000, 0.000000, 0.000000, 440.000000
65.380241, 25.000000, 25.000000, 0.000000, 0.000000, 0.000000, 0.000000, 0.000000, 0.000000, 450.000000
66.409561, 25.000000, 25.000000, 0.000000, 0.000000, 0.000000, 0.000000, 0.000000, 0.000000, 460.000000
67.439735, 25.000000, 25.000000, 0.000000, 0.000000, 0.000000, 0.000000, 0.000000, 0.000000, 470.000000
68.471245, 25.000000, 25.000000, 0.000000, 0.000000, 0.000000, 0.000000, 0.000000, 0.000000, 480.000000
69.504356, 25.000000, 25.000000, 0.000000, 0.000000, 0.000000, 0.000000, 0.000000, 0.000000, 490.000000
70.539368, 25.000000, 25.000000, 0.000000, 0.000000, 0.000000, 0.000000, 0.000000, 0.000000, 500.000000
71.576767, 25.000000, 25.000000, 0.000000, 0.000000, 0.000000, 0.000000, 0.000000, 0.000000, 510.000000
72.617088, 25.000000, 25.000000, 0.000000, 0.000000, 0.000000, 0.000000, 0.000000, 0.000000, 520.000000
73.660873, 25.000000, 25.000000, 0.000000, 0.000000, 0.000000, 0.000000, 0.000000, 0.000000, 530.000000
74.708687, 25.000000, 25.000000, 0.000000, 0.000000, 0.000000, 0.000000, 0.000000, 0.000000, 540.000000
75.760956, 25.000000, 25.000000, 0.000000, 0.000000, 0.000000, 0.000000, 0.000000, 0.000000, 550.000000
76.818069, 25.000000, 25.000000, 0.000000, 0.000000, 0.000000, 0.000000, 0.000000, 0.000000, 560.000000
77.880371, 25.000000, 25.000000, 0.000000, 0.000000, 0.000000, 0.000000, 0.000000, 0.000000, 570.000000
78.948265, 25.000000, 25.000000, 0.000000, 0.000000, 0.000000, 0.000000, 0.000000, 0.000000, 580.000000
80.022339, 25.000000, 25.000000, 0.000000, 0.000000, 0.000000, 0.000000, 0.000000, 0.000000, 590.000000
81.103363, 25.000000, 25.000000, 0.000000, 0.000000, 0.000000, 0.000000, 0.000000, 0.000000, 600.000000
82.192337, 25.000000, 25.000000, 0.000000, 0.000000, 0.000000, 0.000000, 0.000000, 0.000000, 610.000000
83.290627, 25.000000, 25.000000, 0.000000, 0.000000, 0.000000, 0.000000, 0.000000, 0.000000, 620.000000
84.400475, 25.000000, 25.000000, 0.000000, 0.000000, 0.000000, 0.000000, 0.000000, 0.000000, 630.000000
85.525345, 25.000000, 25.000000, 0.000000, 0.000000, 0.000000, 0.000000, 0.000000, 0.000000, 640.000000
86.669601, 25.000000, 25.000000, 0.000000, 0.000000, 0.000000, 0.000000, 0.000000, 0.000000, 650.000000
87.837555, 25.000000, 25.000000, 0.000000, 0.000000, 0.000000, 0.000000, 0.000000, 0.000000, 660.000000
89.032875, 25.000000, 25.000000, 0.000000, 0.000000, 0.000000, 0.000000, 0.000000, 0.000000, 670.000000
90.258308, 25.000000, 25.000000, 0.000000, 0.000000, 0.000000, 0.000000, 0.000000, 0.000000, 680.000000
91.515617, 25.000000, 25.000000, 0.000000, 0.000000, 0.000000, 0.000000, 0.000000, 0.000000, 690.000000
92.805695, 25.000000, 25.000000, 0.000000, 0.000000, 0.000000, 0.000000, 0.000000, 0.000000, 700.000000
94.128754, 25.000000, 25.000000, 0.000000, 0.000000, 0.000000, 0.000000, 0.000000, 0.000000, 710.000000
95.484535, 25.415199, 25.000000, 0.000000, 0.000000, 0.000000, 0.000000, 0.000000, 0.000000, 720.000000
96.820290, 25.406534, 25.004942, 0.000000, 0.000000, 0.000000, 0.000000, 0.000000, 0.000000, 730.000000
98.135101, 25.398153, 25.009703, 0.000000, 0.000000, 0.000000, 0.000000, 0.000000, 0.000000, 740.000000
99.474678, 25.390047, 25.014288, 0.000000, 0.000000, 0.000000, 0.000000, 0.000000, 0.000000, 750.000000
100.832390, 25.382206, 25.018705, 0.000000, 0.000000, 0.000000, 0.000000, 0.000000, 0.000000, 760.000000
102.200912, 25.374620, 25.022959, 0.000000, 0.000000, 0.000000, 0.000000, 0.000000, 0.000000, 770.000000
103.574432, 25.367283, 25.027056, 0.000000, 0.000000, 0.000000, 0.000000, 0.000000, 0.000000, 780.000000
104.949738, 25.360184, 25.031000, 0.000000, 0.000000, 0.000000, 0.000000, 0.000000, 0.000000, 790.000000
106.326378, 25.353315, 25.034798, 0.000000, 0.000000, 0.000000, 0.000000, 0.000000, 0.000000, 800.000000
107.705666, 25.346668, 25.038454, 0.000000, 0.000000, 0.000000, 0.000000, 0.000000, 0.000000, 810.000000
109.089470, 25.340237, 25.041973, 0.000000, 0.000000, 0.000000, 0.000000, 0.000000, 0.000000, 820.000000
110.478508, 25.334013, 25.045361, 0.000000, 0.000000, 0.000000, 0.000000, 0.000000, 0.000000, 830.000000
111.871544, 25.327990, 25.048620, 0.000000, 0.000000, 0.000000, 0.000000, 0.000000, 0.000000, 840.000000
113.265709, 25.322161, 25.051758, 0.000000, 0.000000, 0.000000, 0.000000, 0.000000, 0.000000, 850.000000
114.658760, 25.316519, 25.054775, 0.000000, 0.000000, 0.000000, 0.000000, 0.000000, 0.000000, 860.000000
116.049347, 25.311056, 25.057678, 0.000000, 0.000000, 0.000000, 0.000000, 0.000000, 0.000000, 870.000000
117.437164, 25.305769, 25.060471, 0.000000, 0.000000, 0.000000, 0.000000, 0.000000, 0.000000, 880.000000
118.821762, 25.300650, 25.063156, 0.000000, 0.000000, 0.000000, 0.000000, 0.000000, 0.000000, 890.000000
120.202057, 25.295694, 25.065739, 0.000000, 0.000000, 0.000000, 0.000000, 0.000000, 0.000000, 900.000000
121.576340, 25.290895, 25.068222, 0.000000, 0.000000, 0.000000, 0.000000, 0.000000, 0.000000, 910.000000
122.942596, 25.286249, 25.070608, 0.000000, 0.000000, 0.000000, 0.000000, 0.000000, 0.000000, 920.000000
124.299049, 25.281750, 25.072901, 0.000000, 0.000000, 0.000000, 0.000000, 0.000000, 0.000000, 930.000000
125.644485, 25.277391, 25.075104, 0.000000, 0.000000, 0.000000, 0.000000, 0.000000, 0.000000, 940.000000
126.978363, 25.273170, 25.077221, 0.000000, 0.000000, 0.000000, 0.000000, 0.000000, 0.000000, 950.000000
128.300690, 25.269081, 25.079254, 0.000000, 0.000000, 0.000000, 0.000000, 0.000000, 0.000000, 960.000000
129.611847, 25.265120, 25.081207, 0.000000, 0.000000, 0.000000, 0.000000, 0.000000, 0.000000, 970.000000
130.912430, 25.261282, 25.083082, 0.000000, 0.000000, 0.000000, 0.000000, 0.000000, 0.000000, 980.000000
132.203064, 25.257563, 25.084881, 0.000000, 0.000000, 0.000000, 0.000000, 0.000000, 0.000000, 990.000000
133.484451, 25.253960, 25.086607, 0.000000, 0.000000, 0.000000, 0.000000, 0.000000, 0.000000, 1000.000000
134.757309, 25.250467, 25.088263, 0.000000, 0.000000, 0.000000, 0.000000, 0.000000, 0.000000, 1010.000000
136.022369, 25.247082, 25.089851, 0.000000, 0.000000, 0.000000, 0.000000, 0.000000, 0.000000, 1020.000000
137.280380, 25.243801, 25.091375, 0.000000, 0.000000, 0.000000, 0.000000, 0.000000, 0.000000, 1030.000000
138.532028, 25.240620, 25.092836, 0.000000, 0.000000, 0.000000, 0.000000, 0.000000, 0.000000, 1040.000000
139.777908, 25.237535, 25.094236, 0.000000, 0.000000, 0.000000, 0.000000, 0.000000, 0.000000, 1050.000000
141.018524, 25.234545, 25.095577, 0.000000, 0.000000, 0.000000, 0.000000, 0.000000, 0.000000, 1060.000000
142.254166, 25.231646, 25.096861, 0.000000, 0.000000, 0.000000, 0.000000, 0.000000, 0.000000, 1070.000000
143.485092, 25.228832, 25.098089, 0.000000, 0.000000, 0.000000, 0.000000, 0.000000, 0.000000, 1080.000000
144.711456, 25.226105, 25.099266, 0.000000, 0.000000, 0.000000, 0.000000, 0.000000, 0.000000, 1090.000000
145.933350, 25.223457, 25.100391, 0.000000, 0.000000, 0.000000, 0.000000, 0.000000, 0.000000, 1100.000000
147.150848, 25.220890, 25.101467, 0.000000, 0.000000, 0.000000, 0.000000, 0.000000, 0.000000, 1110.000000
148.363998, 25.218397, 25.102495, 0.000000, 0.000000, 0.000000, 0.000000, 0.000000, 0.000000, 1120.000000
149.572586, 25.215979, 25.103477, 0.000000, 0.000000, 0.000000, 0.000000, 0.000000, 0.000000, 1130.000000
150.776352, 25.213631, 25.104416, 0.000000, 0.000000, 0.000000, 0.000000, 0.000000, 0.000000, 1140.000000
151.974976, 25.211351, 25.105310, 0.000000, 0.000000, 0.000000, 0.000000, 0.000000, 0.000000, 1150.000000
153.168121, 25.209139, 25.106165, 0.000000, 0.000000, 0.000000, 0.000000, 0.000000, 0.000000, 1160.000000
154.355560, 25.206989, 25.106979, 0.000000, 0.000000, 0.000000, 0.000000, 0.000000, 0.000000, 1170.000000
155.537216, 25.204903, 25.107756, 0.000000, 0.000000, 0.000000, 0.000000, 0.000000, 0.000000, 1180.000000
156.713165, 25.202875, 25.108494, 0.000000, 0.000000, 0.000000, 0.000000, 0.000000, 0.000000, 1190.000000
157.884277, 25.200905, 25.109198, 0.000000, 0.000000, 0.000000, 0.000000, 0.000000, 0.000000, 1200.000000
159.053055, 25.198992, 25.109867, 0.000000, 0.000000, 0.000000, 0.000000, 0.000000, 0.000000, 1210.000000
160.224136, 25.197132, 25.110502, 0.000000, 0.000000, 0.000000, 0.000000, 0.000000, 0.000000, 1220.000000
161.405197, 25.195324, 25.111105, 0.000000, 0.000000, 0.000000, 0.000000, 0.000000, 0.000000, 1230.000000
162.606796, 25.193567, 25.111677, 0.000000, 0.000000, 0.000000, 0.000000, 0.000000, 0.000000, 1240.000000
163.842407, 25.191858, 25.112219, 0.000000, 0.000000, 0.000000, 0.000000, 0.000000, 0.000000, 1250.000000
165.129074, 25.729416, 25.112732, 0.000000, 0.000000, 0.000000, 0.000000, 0.000000, 0.000000, 1260.000000
166.426468, 26.276035, 25.119635, 0.000000, 0.000000, 0.000000, 0.000000, 0.000000, 0.000000, 1270.000000
167.690247, 26.827805, 25.132935, 0.000000, 0.000000, 0.000000, 0.000000, 0.000000, 0.000000, 1280.000000
168.931900, 27.381401, 25.152594, 0.000000, 0.000000, 0.000000, 0.000000, 0.000000, 0.000000, 1290.000000
170.160248, 27.933971, 25.178532, 0.000000, 0.000000, 0.000000, 0.000000, 0.000000, 0.000000, 1300.000000
171.382187, 28.483070, 25.210638, 0.000000, 0.000000, 0.000000, 0.000000, 0.000000, 0.000000, 1310.000000
172.603409, 29.026619, 25.248774, 0.000000, 0.000000, 0.000000, 0.000000, 0.000000, 0.000000, 1320.000000
173.828629, 29.562859, 25.292776, 0.000000, 0.000000, 0.000000, 0.000000, 0.000000, 0.000000, 1330.000000
175.061676, 30.090441, 25.342468, 0.000000, 0.000000, 0.000000, 0.000000, 0.000000, 0.000000, 1340.000000
176.305389, 30.608555, 25.397655, 0.000000, 0.000000, 0.000000, 0.000000, 0.000000, 0.000000, 1350.000000
177.561462, 31.116932, 25.458139, 0.000000, 0.000000, 0.000000, 0.000000, 0.000000, 0.000000, 1360.000000
178.830475, 31.615755, 25.523720, 0.000000, 0.000000, 0.000000, 0.000000, 0.000000, 0.000000, 1370.000000
180.112152, 32.105522, 25.594202, 0.000000, 0.000000, 0.000000, 0.000000, 0.000000, 0.000000, 1380.000000
181.405624, 31.969646, 25.669403, 0.000000, 0.000000, 0.000000, 0.000000, 0.000000, 0.000000, 1390.000000
182.774399, 31.838177, 25.741800, 0.000000, 0.000000, 0.000000, 0.000000, 0.000000, 0.000000, 1400.000000
184.313583, 31.710960, 25.811489, 0.000000, 0.000000, 0.000000, 0.000000, 0.000000, 0.000000, 1410.000000
186.085648, 31.587852, 25.878565, 0.000000, 0.000000, 0.000000, 0.000000, 0.000000, 0.000000, 1420.000000
188.186432, 31.468714, 25.943117, 0.000000, 0.000000, 0.000000, 0.000000, 0.000000, 0.000000, 1430.000000
190.770782, 31.353409, 26.005234, 0.000000, 0.000000, 0.000000, 0.000000, 0.000000, 0.000000, 1440.000000
194.101135, 31.241806, 26.064997, 0.000000, 0.000000, 0.000000, 0.000000, 0.000000, 0.000000, 1450.000000
198.581314, 31.133780, 26.122490, 0.000000, 0.000000, 0.000000, 0.000000, 0.000000, 0.000000, 1460.000000
204.365646, 31.029207, 26.177790, 0.000000, 0.000000, 0.000000, 0.000000, 0.000000, 0.000000, 1470.000000
210.217834, 30.927971, 26.230972, 0.000000, 0.000000, 0.000000, 0.000000, 0.000000, 0.000000, 1480.000000
214.839584, 30.829956, 26.282110, 0.000000, 0.000000, 0.000000, 0.000000, 0.000000, 0.000000, 1490.000000
218.344330, 30.735054, 26.331276, 0.000000, 0.000000, 0.000000, 0.000000, 0.000000, 0.000000, 1500.000000
221.139053, 30.643158, 26.378536, 0.000000, 0.000000, 0.000000, 0.000000, 0.000000, 0.000000, 1510.000000
223.492752, 30.554167, 26.423956, 0.000000, 0.000000, 0.000000, 0.000000, 0.000000, 0.000000, 1520.000000
225.563873, 30.467979, 26.467600, 0.000000, 0.000000, 0.000000, 0.000000, 0.000000, 0.000000, 1530.000000
227.449478, 30.384502, 26.509529, 0.000000, 0.000000, 0.000000, 0.000000, 0.000000, 0.000000, 1540.000000
229.212616, 30.303642, 26.549805, 0.000000, 0.000000, 0.000000, 0.000000, 0.000000, 0.000000, 1550.000000
230.896393, 30.225309, 26.588482, 0.000000, 0.000000, 0.000000, 0.000000, 0.000000, 0.000000, 1560.000000
232.530930, 30.149418, 26.625616, 0.000000, 0.000000, 0.000000, 0.000000, 0.000000, 0.000000, 1570.000000
234.137009, 30.075886, 26.661261, 0.000000, 0.000000, 0.000000, 0.000000, 0.000000, 0.000000, 1580.000000
235.728745, 30.004631, 26.695469, 0.000000, 0.000000, 0.000000, 0.000000, 0.000000, 0.000000, 1590.000000
237.315414, 29.935577, 26.728289, 0.000000, 0.000000, 0.000000, 0.000000, 0.000000, 0.000000, 1600.000000
238.902878, 29.868649, 26.759769, 0.000000, 0.000000, 0.000000, 0.000000, 0.000000, 0.000000, 1610.000000
240.495239, 29.803774, 26.789957, 0.000000, 0.000000, 0.000000, 0.000000, 0.000000, 0.000000, 1620.000000
242.097000, 29.740883, 26.818895, 0.000000, 0.000000, 0.000000, 0.000000, 0.000000, 0.000000, 1630.000000
243.713165, 29.679909, 26.846628, 0.000000, 0.000000, 0.000000, 0.000000, 0.000000, 0.000000, 1640.000000
245.342682, 29.620785, 26.873198, 0.000000, 0.000000, 0.000000, 0.000000, 0.000000, 0.000000, 1650.000000
