Time(s), Twind(°C), TMotCase(°C), Flat_i(N), Flat_o(N), Flat_r(N), Frad_i(N), Frad_o(N), Frad_r(N)
0.000000, 39.156456, 34.995625, 0.000000, 0.000000, 0.000000, 0.000000, 0.000000, 0.000000, 0.000000
3.152533, 40.359848, 35.011227, 0.000000, 0.000000, 0.000000, 0.000000, 0.000000, 0.000000, 15.000000
5.678452, 40.198647, 35.047161, 0.000000, 0.000000, 0.000000, 0.000000, 0.000000, 0.000000, 30.000000
8.034887, 40.043388, 35.079506, 0.000000, 0.000000, 0.000000, 0.000000, 0.000000, 0.000000, 45.000000
10.464185, 39.893784, 35.108444, 0.000000, 0.000000, 0.000000, 0.000000, 0.000000, 0.000000, 60.000000
12.971375, 39.749561, 35.134151, 0.000000, 0.000000, 0.000000, 0.000000, 0.000000, 0.000000, 75.000000
15.562971, 39.610458, 35.156796, 0.000000, 0.000000, 0.000000, 0.000000, 0.000000, 0.000000, 90.000000
18.247921, 39.476231, 35.176533, 0.000000, 0.000000, 0.000000, 0.000000, 0.000000, 0.000000, 105.000000
21.031500, 39.346645, 35.193512, 0.000000, 0.000000, 0.000000, 0.000000, 0.000000, 0.000000, 120.000000
23.879261, 39.221474, 35.207874, 0.000000, 0.000000, 0.000000, 0.000000, 0.000000, 0.000000, 135.000000
26.742605, 39.100510, 35.219761, 0.000000, 0.000000, 0.000000, 0.000000, 0.000000, 0.000000, 150.000000
29.550062, 38.983551, 35.229294, 0.000000, 0.000000, 0.000000, 0.000000, 0.000000, 0.000000, 165.000000
32.243855, 38.870403, 35.236599, 0.000000, 0.000000, 0.000000, 0.000000, 0.000000, 0.000000, 180.000000
34.799763, 38.760887, 35.241795, 0.000000, 0.000000, 0.000000, 0.000000, 0.000000, 0.000000, 195.000000
37.207794, 38.654827, 35.244987, 0.000000, 0.000000, 0.000000, 0.000000, 0.000000, 0.000000, 210.000000
39.475220, 38.552059, 35.246284, 0.000000, 0.000000, 0.000000, 0.000000, 0.000000, 0.000000, 225.000000
41.611111, 38.452427, 35.245785, 0.000000, 0.000000, 0.000000, 0.000000, 0.000000, 0.000000, 240.000000
43.628971, 38.355782, 35.243584, 0.000000, 0.000000, 0.000000, 0.000000, 0.000000, 0.000000, 255.000000
45.541328, 38.261986, 35.239773, 0.000000, 0.000000, 0.000000, 0.000000, 0.000000, 0.000000, 270.000000
47.363743, 38.170902, 35.234436, 0.000000, 0.000000, 0.000000, 0.000000, 0.000000, 0.000000, 285.000000
49.109161, 38.082401, 35.227657, 0.000000, 0.000000, 0.000000, 0.000000, 0.000000, 0.000000, 300.000000
50.791378, 37.996365, 35.219509, 0.000000, 0.000000, 0.000000, 0.000000, 0.000000, 0.000000, 315.000000
52.422100, 37.912674, 35.210068, 0.000000, 0.000000, 0.000000, 0.000000, 0.000000, 0.000000, 330.000000
54.015564, 37.831223, 35.199402, 0.000000, 0.000000, 0.000000, 0.000000, 0.000000, 0.000000, 345.000000
55.584202, 37.751904, 35.187580, 0.000000, 0.000000, 0.000000, 0.000000, 0.000000, 0.000000, 360.000000
57.137871, 37.674618, 35.174664, 0.000000, 0.000000, 0.000000, 0.000000, 0.000000, 0.000000, 375.000000
58.684361, 37.599274, 35.160713, 0.000000, 0.000000, 0.000000, 0.000000, 0.000000, 0.000000, 390.000000
60.225132, 37.525780, 35.145786, 0.000000, 0.000000, 0.000000, 0.000000, 0.000000, 0.000000, 405.000000
61.761108, 37.454048, 35.129936, 0.000000, 0.000000, 0.000000, 0.000000, 0.000000, 0.000000, 420.000000
63.293716, 37.384003, 35.113213, 0.000000, 0.000000, 0.000000, 0.000000, 0.000000, 0.000000, 435.000000
64.824432, 37.315563, 35.095665, 0.000000, 0.000000, 0.000000, 0.000000, 0.000000, 0.000000, 450.000000
66.355598, 37.248657, 35.077343, 0.000000, 0.000000, 0.000000, 0.000000, 0.000000, 0.000000, 465.000000
67.889069, 37.183216, 35.058289, 0.000000, 0.000000, 0.000000, 0.000000, 0.000000, 0.000000, 480.000000
69.425873, 37.119175, 35.038544, 0.000000, 0.000000, 0.000000, 0.000000, 0.000000, 0.000000, 495.000000
70.967102, 37.056469, 35.018147, 0.000000, 0.000000, 0.000000, 0.000000, 0.000000, 0.000000, 510.000000
72.514381, 36.995037, 34.997135, 0.000000, 0.000000, 0.000000, 0.000000, 0.000000, 0.000000, 525.000000
74.069397, 36.934822, 34.975548, 0.000000, 0.000000, 0.000000, 0.000000, 0.000000, 0.000000, 540.000000
75.633774, 36.875771, 34.953419, 0.000000, 0.000000, 0.000000, 0.000000, 0.000000, 0.000000, 555.000000
77.209091, 36.817833, 34.930779, 0.000000, 0.000000, 0.000000, 0.000000, 0.000000, 0.000000, 570.000000
78.796577, 36.760960, 34.907658, 0.000000, 0.000000, 0.000000, 0.000000, 0.000000, 0.000000, 585.000000
80.397720, 36.705105, 34.884087, 0.000000, 0.000000, 0.000000, 0.000000, 0.000000, 0.000000, 600.000000
82.015465, 36.650223, 34.860092, 0.000000, 0.000000, 0.000000, 0.000000, 0.000000, 0.000000, 615.000000
83.653358, 36.596272, 34.835701, 0.000000, 0.000000, 0.000000, 0.000000, 0.000000, 0.000000, 630.000000
85.320946, 36.543209, 34.810936, 0.000000, 0.000000, 0.000000, 0.000000, 0.000000, 0.000000, 645.000000
87.029984, 36.491001, 34.785824, 0.000000, 0.000000, 0.000000, 0.000000, 0.000000, 0.000000, 660.000000
88.793831, 36.439610, 34.760387, 0.000000, 0.000000, 0.000000, 0.000000, 0.000000, 0.000000, 675.000000
90.625572, 36.389000, 34.734646, 0.000000, 0.000000, 0.000000, 0.000000, 0.000000, 0.000000, 690.000000
92.530144, 36.339142, 34.708622, 0.000000, 0.000000, 0.000000, 0.000000, 0.000000, 0.000000, 705.000000
94.511131, 36.290001, 34.682331, 0.000000, 0.000000, 0.000000, 0.000000, 0.000000, 0.000000, 720.000000
96.567230, 36.241547, 34.655796, 0.000000, 0.000000, 0.000000, 0.000000, 0.000000, 0.000000, 735.000000
98.694542, 36.193756, 34.629032, 0.000000, 0.000000, 0.000000, 0.000000, 0.000000, 0.000000, 750.000000
100.872459, 36.146599, 34.602058, 0.000000, 0.000000, 0.000000, 0.000000, 0.000000, 0.000000, 765.000000
103.076477, 36.100048, 34.574886, 0.000000, 0.000000, 0.000000, 0.000000, 0.000000, 0.000000, 780.000000
105.289055, 36.054081, 34.547535, 0.000000, 0.000000, 0.000000, 0.000000, 0.000000, 0.000000, 795.000000
107.497772, 36.008675, 34.520016, 0.000000, 0.000000, 0.000000, 0.000000, 0.000000, 0.000000, 810.000000
109.707779, 35.963810, 34.492344, 0.000000, 0.000000, 0.000000, 0.000000, 0.000000, 0.000000, 825.000000
111.923874, 35.919460, 34.464531, 0.000000, 0.000000, 0.000000, 0.000000, 0.000000, 0.000000, 840.000000
114.139771, 35.875610, 34.436588, 0.000000, 0.000000, 0.000000, 0.000000, 0.000000, 0.000000, 855.000000
116.348434, 35.832241, 34.408531, 0.000000, 0.000000, 0.000000, 0.000000, 0.000000, 0.000000, 870.000000
118.548012, 35.789333, 34.380367, 0.000000, 0.000000, 0.000000, 0.000000, 0.000000, 0.000000, 885.000000
120.737312, 35.746868, 34.352108, 0.000000, 0.000000, 0.000000, 0.000000, 0.000000, 0.000000, 900.000000
122.911324, 35.704830, 34.323761, 0.000000, 0.000000, 0.000000, 0.000000, 0.000000, 0.000000, 915.000000
125.064270, 35.663208, 34.295338, 0.000000, 0.000000, 0.000000, 0.000000, 0.000000, 0.000000, 930.000000
127.190346, 35.621983, 34.266846, 0.000000, 0.000000, 0.000000, 0.000000, 0.000000, 0.000000, 945.000000
129.285355, 35.581142, 34.238293, 0.000000, 0.000000, 0.000000, 0.000000, 0.000000, 0.000000, 960.000000
131.350250, 35.540672, 34.209690, 0.000000, 0.000000, 0.000000, 0.000000, 0.000000, 0.000000, 975.000000
133.386444, 35.500557, 34.181042, 0.000000, 0.000000, 0.000000, 0.000000, 0.000000, 0.000000, 990.000000
135.396805, 35.460789, 34.152359, 0.000000, 0.000000, 0.000000, 0.000000, 0.000000, 0.000000, 1005.000000
137.384033, 35.421356, 34.123646, 0.000000, 0.000000, 0.000000, 0.000000, 0.000000, 0.000000, 1020.000000
139.351151, 35.382244, 34.094910, 0.000000, 0.000000, 0.000000, 0.000000, 0.000000, 0.000000, 1035.000000
141.300949, 35.343445, 34.066154, 0.000000, 0.000000, 0.000000, 0.000000, 0.000000, 0.000000, 1050.000000
143.235596, 35.304951, 34.037388, 0.000000, 0.000000, 0.000000, 0.000000, 0.000000, 0.000000, 1065.000000
145.156906, 35.266747, 34.008614, 0.000000, 0.000000, 0.000000, 0.000000, 0.000000, 0.000000, 1080.000000
147.065613, 35.228828, 33.979839, 0.000000, 0.000000, 0.000000, 0.000000, 0.000000, 0.000000, 1095.000000
148.962357, 35.191185, 33.951069, 0.000000, 0.000000, 0.000000, 0.000000, 0.000000, 0.000000, 1110.000000
150.847244, 35.153809, 33.922306, 0.000000, 0.000000, 0.000000, 0.000000, 0.000000, 0.000000, 1125.000000
152.720154, 35.116692, 33.893559, 0.000000, 0.000000, 0.000000, 0.000000, 0.000000, 0.000000, 1140.000000
154.579941, 35.079826, 33.864826, 0.000000, 0.000000, 0.000000, 0.000000, 0.000000, 0.000000, 1155.000000
156.425552, 35.043209, 33.836117, 0.000000, 0.000000, 0.000000, 0.000000, 0.000000, 0.000000, 1170.000000
158.256363, 35.006828, 33.807430, 0.000000, 0.000000, 0.000000, 0.000000, 0.000000, 0.000000, 1185.000000
160.072113, 34.970680, 33.778770, 0.000000, 0.000000, 0.000000, 0.000000, 0.000000, 0.000000, 1200.000000
161.879257, 34.934757, 33.750145, 0.000000, 0.000000, 0.000000, 0.000000, 0.000000, 0.000000, 1215.000000
163.687485, 34.899055, 33.721554, 0.000000, 0.000000, 0.000000, 0.000000, 0.000000, 0.000000, 1230.000000
165.529648, 35.996986, 33.693001, 0.000000, 0.000000, 0.000000, 0.000000, 0.000000, 0.000000, 1245.000000
167.349030, 36.226192, 33.683971, 0.000000, 0.000000, 0.000000, 0.000000, 0.000000, 0.000000, 1260.000000
169.174194, 37.308060, 33.679089, 0.000000, 0.000000, 0.000000, 0.000000, 0.000000, 0.000000, 1275.000000
171.044632, 38.384666, 33.692913, 0.000000, 0.000000, 0.000000, 0.000000, 0.000000, 0.000000, 1290.000000
172.907639, 39.448246, 33.724934, 0.000000, 0.000000, 0.000000, 0.000000, 0.000000, 0.000000, 1305.000000
174.792419, 40.498238, 33.774506, 0.000000, 0.000000, 0.000000, 0.000000, 0.000000, 0.000000, 1320.000000
176.719849, 41.530148, 33.841000, 0.000000, 0.000000, 0.000000, 0.000000, 0.000000, 0.000000, 1335.000000
178.712204, 42.543846, 33.923717, 0.000000, 0.000000, 0.000000, 0.000000, 0.000000, 0.000000, 1350.000000
180.784103, 43.538097, 34.021976, 0.000000, 0.000000, 0.000000, 0.000000, 0.000000, 0.000000, 1365.000000
182.950912, 44.513294, 34.135090, 0.000000, 0.000000, 0.000000, 0.000000, 0.000000, 0.000000, 1380.000000
185.218674, 45.471024, 34.262390, 0.000000, 0.000000, 0.000000, 0.000000, 0.000000, 0.000000, 1395.000000
187.591415, 46.412125, 34.403255, 0.000000, 0.000000, 0.000000, 0.000000, 0.000000, 0.000000, 1410.000000
190.040573, 46.050194, 34.557087, 0.000000, 0.000000, 0.000000, 0.000000, 0.000000, 0.000000, 1425.000000
192.801636, 45.703808, 34.701191, 0.000000, 0.000000, 0.000000, 0.000000, 0.000000, 0.000000, 1440.000000
196.253128, 45.372204, 34.836060, 0.000000, 0.000000, 0.000000, 0.000000, 0.000000, 0.000000, 1455.000000
200.605667, 45.054657, 34.962154, 0.000000, 0.000000, 0.000000, 0.000000, 0.000000, 0.000000, 1470.000000
205.444183, 44.750484, 35.079914, 0.000000, 0.000000, 0.000000, 0.000000, 0.000000, 0.000000, 1485.000000
209.850159, 44.459026, 35.189762, 0.000000, 0.000000, 0.000000, 0.000000, 0.000000, 0.000000, 1500.000000
213.534897, 44.179665, 35.292099, 0.000000, 0.000000, 0.000000, 0.000000, 0.000000, 0.000000, 1515.000000
216.576263, 43.911804, 35.387299, 0.000000, 0.000000, 0.000000, 0.000000, 0.000000, 0.000000, 1530.000000
219.245392, 43.654888, 35.475727, 0.000000, 0.000000, 0.000000, 0.000000, 0.000000, 0.000000, 1545.000000
221.684738, 43.408379, 35.557724, 0.000000, 0.000000, 0.000000, 0.000000, 0.000000, 0.000000, 1560.000000
224.003479, 43.171772, 35.633614, 0.000000, 0.000000, 0.000000, 0.000000, 0.000000, 0.000000, 1575.000000
226.271805, 42.944584, 35.703709, 0.000000, 0.000000, 0.000000, 0.000000, 0.000000, 0.000000, 1590.000000
228.523544, 42.726353, 35.768299, 0.000000, 0.000000, 0.000000, 0.000000, 0.000000, 0.000000, 1605.000000
230.783051, 42.516647, 35.827667, 0.000000, 0.000000, 0.000000, 0.000000, 0.000000, 0.000000, 1620.000000
233.061798, 42.315052, 35.882076, 0.000000, 0.000000, 0.000000, 0.000000, 0.000000, 0.000000, 1635.000000
235.372177, 42.121170, 35.931782, 0.000000, 0.000000, 0.000000, 0.000000, 0.000000, 0.000000, 1650.000000
