Time(s), Twind(°C), TMotCase(°C), Flat_i(N), Flat_o(N), Flat_r(N), Frad_i(N), Frad_o(N), Frad_r(N)
0.000000, 39.147747, 34.995625, 0.000000, 0.000000, 0.000000, 0.000000, 0.000000, 0.000000, 0.000000
3.154112, 39.814266, 35.011078, 0.000000, 0.000000, 0.000000, 0.000000, 0.000000, 0.000000, 15.000000
5.744956, 39.669506, 35.037636, 0.000000, 0.000000, 0.000000, 0.000000, 0.000000, 0.000000, 30.000000
8.216212, 39.529907, 35.061100, 0.000000, 0.000000, 0.000000, 0.000000, 0.000000, 0.000000, 45.000000
10.770314, 39.395222, 35.081631, 0.000000, 0.000000, 0.000000, 0.000000, 0.000000, 0.000000, 60.000000
13.413243, 39.265217, 35.099380, 0.000000, 0.000000, 0.000000, 0.000000, 0.000000, 0.000000, 75.000000
16.152636, 39.139664, 35.114491, 0.000000, 0.000000, 0.000000, 0.000000, 0.000000, 0.000000, 90.000000
18.998428, 39.018349, 35.127098, 0.000000, 0.000000, 0.000000, 0.000000, 0.000000, 0.000000, 105.000000
21.956152, 38.901073, 35.137333, 0.000000, 0.000000, 0.000000, 0.000000, 0.000000, 0.000000, 120.000000
24.983713, 38.787640, 35.145317, 0.000000, 0.000000, 0.000000, 0.000000, 0.000000, 0.000000, 135.000000
28.022196, 38.677864, 35.151169, 0.000000, 0.000000, 0.000000, 0.000000, 0.000000, 0.000000, 150.000000
30.988817, 38.571575, 35.155003, 0.000000, 0.000000, 0.000000, 0.000000, 0.000000, 0.000000, 165.000000
33.818844, 38.468605, 35.156921, 0.000000, 0.000000, 0.000000, 0.000000, 0.000000, 0.000000, 180.000000
36.488010, 38.368797, 35.157024, 0.000000, 0.000000, 0.000000, 0.000000, 0.000000, 0.000000, 195.000000
38.988537, 38.271999, 35.155411, 0.000000, 0.000000, 0.000000, 0.000000, 0.000000, 0.000000, 210.000000
41.331505, 38.178070, 35.152168, 0.000000, 0.000000, 0.000000, 0.000000, 0.000000, 0.000000, 225.000000
43.529209, 38.086872, 35.147385, 0.000000, 0.000000, 0.000000, 0.000000, 0.000000, 0.000000, 240.000000
45.598064, 37.998280, 35.141144, 0.000000, 0.000000, 0.000000, 0.000000, 0.000000, 0.000000, 255.000000
47.552826, 37.912170, 35.133522, 0.000000, 0.000000, 0.000000, 0.000000, 0.000000, 0.000000, 270.000000
49.411087, 37.828426, 35.124592, 0.000000, 0.000000, 0.000000, 0.000000, 0.000000, 0.000000, 285.000000
51.187275, 37.746937, 35.114426, 0.000000, 0.000000, 0.000000, 0.000000, 0.000000, 0.000000, 300.000000
52.896431, 37.667595, 35.103092, 0.000000, 0.000000, 0.000000, 0.000000, 0.000000, 0.000000, 315.000000
54.551155, 37.590305, 35.090652, 0.000000, 0.000000, 0.000000, 0.000000, 0.000000, 0.000000, 330.000000
56.166302, 37.514969, 35.077168, 0.000000, 0.000000, 0.000000, 0.000000, 0.000000, 0.000000, 345.000000
57.754772, 37.441498, 35.062695, 0.000000, 0.000000, 0.000000, 0.000000, 0.000000, 0.000000, 360.000000
59.326733, 37.369804, 35.047287, 0.000000, 0.000000, 0.000000, 0.000000, 0.000000, 0.000000, 375.000000
60.890217, 37.299809, 35.030998, 0.000000, 0.000000, 0.000000, 0.000000, 0.000000, 0.000000, 390.000000
62.447041, 37.231430, 35.013878, 0.000000, 0.000000, 0.000000, 0.000000, 0.000000, 0.000000, 405.000000
63.998291, 37.164597, 34.995972, 0.000000, 0.000000, 0.000000, 0.000000, 0.000000, 0.000000, 420.000000
65.545563, 37.099236, 34.977325, 0.000000, 0.000000, 0.000000, 0.000000, 0.000000, 0.000000, 435.000000
67.090683, 37.035286, 34.957981, 0.000000, 0.000000, 0.000000, 0.000000, 0.000000, 0.000000, 450.000000
68.635925, 36.972679, 34.937977, 0.000000, 0.000000, 0.000000, 0.000000, 0.000000, 0.000000, 465.000000
70.183258, 36.911358, 34.917355, 0.000000, 0.000000, 0.000000, 0.000000, 0.000000, 0.000000, 480.000000
71.733887, 36.851261, 34.896145, 0.000000, 0.000000, 0.000000, 0.000000, 0.000000, 0.000000, 495.000000
73.288849, 36.792336, 34.874386, 0.000000, 0.000000, 0.000000, 0.000000, 0.000000, 0.000000, 510.000000
74.849785, 36.734531, 34.852112, 0.000000, 0.000000, 0.000000, 0.000000, 0.000000, 0.000000, 525.000000
76.418465, 36.677799, 34.829350, 0.000000, 0.000000, 0.000000, 0.000000, 0.000000, 0.000000, 540.000000
77.996597, 36.622089, 34.806133, 0.000000, 0.000000, 0.000000, 0.000000, 0.000000, 0.000000, 555.000000
79.585754, 36.567360, 34.782486, 0.000000, 0.000000, 0.000000, 0.000000, 0.000000, 0.000000, 570.000000
81.187225, 36.513565, 34.758438, 0.000000, 0.000000, 0.000000, 0.000000, 0.000000, 0.000000, 585.000000
82.802559, 36.460667, 34.734013, 0.000000, 0.000000, 0.000000, 0.000000, 0.000000, 0.000000, 600.000000
84.434746, 36.408627, 34.709232, 0.000000, 0.000000, 0.000000, 0.000000, 0.000000, 0.000000, 615.000000
86.087448, 36.357410, 34.684124, 0.000000, 0.000000, 0.000000, 0.000000, 0.000000, 0.000000, 630.000000
87.770317, 36.306980, 34.658707, 0.000000, 0.000000, 0.000000, 0.000000, 0.000000, 0.000000, 645.000000
89.495224, 36.257305, 34.633003, 0.000000, 0.000000, 0.000000, 0.000000, 0.000000, 0.000000, 660.000000
91.275581, 36.208351, 34.607029, 0.000000, 0.000000, 0.000000, 0.000000, 0.000000, 0.000000, 675.000000
93.124512, 36.160088, 34.580807, 0.000000, 0.000000, 0.000000, 0.000000, 0.000000, 0.000000, 690.000000
95.046906, 36.112492, 34.554352, 0.000000, 0.000000, 0.000000, 0.000000, 0.000000, 0.000000, 705.000000
97.046234, 36.065533, 34.527683, 0.000000, 0.000000, 0.000000, 0.000000, 0.000000, 0.000000, 720.000000
99.121078, 36.019184, 34.500813, 0.000000, 0.000000, 0.000000, 0.000000, 0.000000, 0.000000, 735.000000
101.267380, 35.973423, 34.473759, 0.000000, 0.000000, 0.000000, 0.000000, 0.000000, 0.000000, 750.000000
103.464218, 35.928226, 34.446533, 0.000000, 0.000000, 0.000000, 0.000000, 0.000000, 0.000000, 765.000000
105.686745, 35.883572, 34.419151, 0.000000, 0.000000, 0.000000, 0.000000, 0.000000, 0.000000, 780.000000
107.917152, 35.839436, 34.391628, 0.000000, 0.000000, 0.000000, 0.000000, 0.000000, 0.000000, 795.000000
110.142799, 35.795799, 34.363972, 0.000000, 0.000000, 0.000000, 0.000000, 0.000000, 0.000000, 810.000000
112.368866, 35.752647, 34.336197, 0.000000, 0.000000, 0.000000, 0.000000, 0.000000, 0.000000, 825.000000
114.600189, 35.709957, 34.308311, 0.000000, 0.000000, 0.000000, 0.000000, 0.000000, 0.000000, 840.000000
116.830551, 35.667713, 34.280327, 0.000000, 0.000000, 0.000000, 0.000000, 0.000000, 0.000000, 855.000000
119.052963, 35.625900, 34.252254, 0.000000, 0.000000, 0.000000, 0.000000, 0.000000, 0.000000, 870.000000
121.265717, 35.584499, 34.224102, 0.000000, 0.000000, 0.000000, 0.000000, 0.000000, 0.000000, 885.000000
123.467758, 35.543499, 34.195881, 0.000000, 0.000000, 0.000000, 0.000000, 0.000000, 0.000000, 900.000000
125.654015, 35.502884, 34.167599, 0.000000, 0.000000, 0.000000, 0.000000, 0.000000, 0.000000, 915.000000
127.818680, 35.462639, 34.139263, 0.000000, 0.000000, 0.000000, 0.000000, 0.000000, 0.000000, 930.000000
129.955887, 35.422752, 34.110878, 0.000000, 0.000000, 0.000000, 0.000000, 0.000000, 0.000000, 945.000000
132.061417, 35.383213, 34.082455, 0.000000, 0.000000, 0.000000, 0.000000, 0.000000, 0.000000, 960.000000
134.136246, 35.344009, 34.054001, 0.000000, 0.000000, 0.000000, 0.000000, 0.000000, 0.000000, 975.000000
136.181839, 35.305130, 34.025520, 0.000000, 0.000000, 0.000000, 0.000000, 0.000000, 0.000000, 990.000000
138.201126, 35.266563, 33.997021, 0.000000, 0.000000, 0.000000, 0.000000, 0.000000, 0.000000, 1005.000000
140.196869, 35.228302, 33.968506, 0.000000, 0.000000, 0.000000, 0.000000, 0.000000, 0.000000, 1020.000000
142.172134, 35.190334, 33.939983, 0.000000, 0.000000, 0.000000, 0.000000, 0.000000, 0.000000, 1035.000000
144.129776, 35.152649, 33.911461, 0.000000, 0.000000, 0.000000, 0.000000, 0.000000, 0.000000, 1050.000000
146.071991, 35.115242, 33.882938, 0.000000, 0.000000, 0.000000, 0.000000, 0.000000, 0.000000, 1065.000000
148.000595, 35.078102, 33.854424, 0.000000, 0.000000, 0.000000, 0.000000, 0.000000, 0.000000, 1080.000000
149.916382, 35.041222, 33.825920, 0.000000, 0.000000, 0.000000, 0.000000, 0.000000, 0.000000, 1095.000000
151.819977, 35.004593, 33.797432, 0.000000, 0.000000, 0.000000, 0.000000, 0.000000, 0.000000, 1110.000000
153.711472, 34.968212, 33.768963, 0.000000, 0.000000, 0.000000, 0.000000, 0.000000, 0.000000, 1125.000000
155.590744, 34.932068, 33.740517, 0.000000, 0.000000, 0.000000, 0.000000, 0.000000, 0.000000, 1140.000000
157.456665, 34.896156, 33.712097, 0.000000, 0.000000, 0.000000, 0.000000, 0.000000, 0.000000, 1155.000000
159.308167, 34.860470, 33.683708, 0.000000, 0.000000, 0.000000, 0.000000, 0.000000, 0.000000, 1170.000000
161.144623, 34.825005, 33.655354, 0.000000, 0.000000, 0.000000, 0.000000, 0.000000, 0.000000, 1185.000000
162.965790, 35.064884, 33.627033, 0.000000, 0.000000, 0.000000, 0.000000, 0.000000, 0.000000, 1200.000000
164.774597, 35.298168, 33.603485, 0.000000, 0.000000, 0.000000, 0.000000, 0.000000, 0.000000, 1215.000000
166.577469, 35.797436, 33.584484, 0.000000, 0.000000, 0.000000, 0.000000, 0.000000, 0.000000, 1230.000000
168.359161, 36.017136, 33.574497, 0.000000, 0.000000, 0.000000, 0.000000, 0.000000, 0.000000, 1245.000000
170.151611, 36.838684, 33.568516, 0.000000, 0.000000, 0.000000, 0.000000, 0.000000, 0.000000, 1260.000000
171.969574, 37.434776, 33.576794, 0.000000, 0.000000, 0.000000, 0.000000, 0.000000, 0.000000, 1275.000000
173.794525, 38.542629, 33.595131, 0.000000, 0.000000, 0.000000, 0.000000, 0.000000, 0.000000, 1290.000000
175.639908, 39.916077, 33.632095, 0.000000, 0.000000, 0.000000, 0.000000, 0.000000, 0.000000, 1305.000000
177.491943, 41.288246, 33.691826, 0.000000, 0.000000, 0.000000, 0.000000, 0.000000, 0.000000, 1320.000000
179.357651, 42.667728, 33.773785, 0.000000, 0.000000, 0.000000, 0.000000, 0.000000, 0.000000, 1335.000000
181.254089, 44.044056, 33.877590, 0.000000, 0.000000, 0.000000, 0.000000, 0.000000, 0.000000, 1350.000000
183.188889, 45.416306, 34.002689, 0.000000, 0.000000, 0.000000, 0.000000, 0.000000, 0.000000, 1365.000000
185.168701, 46.785172, 34.148529, 0.000000, 0.000000, 0.000000, 0.000000, 0.000000, 0.000000, 1380.000000
187.191315, 48.152481, 34.314579, 0.000000, 0.000000, 0.000000, 0.000000, 0.000000, 0.000000, 1395.000000
189.252380, 47.735424, 34.500351, 0.000000, 0.000000, 0.000000, 0.000000, 0.000000, 0.000000, 1410.000000
191.509384, 47.336536, 34.674721, 0.000000, 0.000000, 0.000000, 0.000000, 0.000000, 0.000000, 1425.000000
194.265884, 46.954926, 34.838261, 0.000000, 0.000000, 0.000000, 0.000000, 0.000000, 0.000000, 1440.000000
197.708603, 46.589745, 34.991512, 0.000000, 0.000000, 0.000000, 0.000000, 0.000000, 0.000000, 1455.000000
202.043686, 46.240189, 35.134995, 0.000000, 0.000000, 0.000000, 0.000000, 0.000000, 0.000000, 1470.000000
206.858871, 45.905495, 35.269199, 0.000000, 0.000000, 0.000000, 0.000000, 0.000000, 0.000000, 1485.000000
211.247375, 45.584930, 35.394592, 0.000000, 0.000000, 0.000000, 0.000000, 0.000000, 0.000000, 1500.000000
214.921890, 45.277809, 35.511616, 0.000000, 0.000000, 0.000000, 0.000000, 0.000000, 0.000000, 1515.000000
217.957626, 44.983471, 35.620693, 0.000000, 0.000000, 0.000000, 0.000000, 0.000000, 0.000000, 1530.000000
220.623047, 44.701290, 35.722225, 0.000000, 0.000000, 0.000000, 0.000000, 0.000000, 0.000000, 1545.000000
223.059692, 44.430672, 35.816593, 0.000000, 0.000000, 0.000000, 0.000000, 0.000000, 0.000000, 1560.000000
225.376266, 44.171055, 35.904160, 0.000000, 0.000000, 0.000000, 0.000000, 0.000000, 0.000000, 1575.000000
227.642731, 43.921902, 35.985268, 0.000000, 0.000000, 0.000000, 0.000000, 0.000000, 0.000000, 1590.000000
229.892792, 43.682701, 36.060242, 0.000000, 0.000000, 0.000000, 0.000000, 0.000000, 0.000000, 1605.000000
232.150726, 43.452972, 36.129398, 0.000000, 0.000000, 0.000000, 0.000000, 0.000000, 0.000000, 1620.000000
234.427948, 43.232250, 36.193027, 0.000000, 0.000000, 0.000000, 0.000000, 0.000000, 0.000000, 1635.000000
236.736801, 43.020096, 36.251415, 0.000000, 0.000000, 0.000000, 0.000000, 0.000000, 0.000000, 1650.000000
