Time(s), Twind(°C), TMotCase(°C), Flat_i(N), Flat_o(N), Flat_r(N), Frad_i(N), Frad_o(N), Frad_r(N)
0.000000, 25.000000, 25.000000, 0.000000, 0.000000, 0.000000, 0.000000, 0.000000, 0.000000, 0.000000
1.658373, 25.000000, 25.000000, 0.000000, 0.000000, 0.000000, 0.000000, 0.000000, 0.000000, 10.000000
3.356140, 25.000000, 25.000000, 0.000000, 0.000000, 0.000000, 0.000000, 0.000000, 0.000000, 20.000000
5.095020, 25.000000, 25.000000, 0.000000, 0.000000, 0.000000, 0.000000, 0.000000, 0.000000, 30.000000
6.876604, 25.000000, 25.000000, 0.000000, 0.000000, 0.000000, 0.000000, 0.000000, 0.000000, 40.000000
8.702517, 25.000000, 25.000000, 0.000000, 0.000000, 0.000000, 0.000000, 0.000000, 0.000000, 50.000000
10.574708, 25.000000, 25.000000, 0.000000, 0.000000, 0.000000, 0.000000, 0.000000, 0.000000, 60.000000
12.495722, 25.000000, 25.000000, 0.000000, 0.000000, 0.000000, 0.000000, 0.000000, 0.000000, 70.000000
14.468979, 25.000000, 25.000000, 0.000000, 0.000000, 0.000000, 0.000000, 0.000000, 0.000000, 80.000000
16.498888, 25.000000, 25.000000, 0.000000, 0.000000, 0.000000, 0.000000, 0.000000, 0.000000, 90.000000
18.589600, 25.000000, 25.000000, 0.000000, 0.000000, 0.000000, 0.000000, 0.000000, 0.000000, 100.000000
20.741543, 25.000000, 25.000000, 0.000000, 0.000000, 0.000000, 0.000000, 0.000000, 0.000000, 110.000000
22.947468, 25.000000, 25.000000, 0.000000, 0.000000, 0.000000, 0.000000, 0.000000, 0.000000, 120.000000
25.190556, 25.000000, 25.000000, 0.000000, 0.000000, 0.000000, 0.000000, 0.000000, 0.000000, 130.000000
27.445547, 25.000000, 25.000000, 0.000000, 0.000000, 0.000000, 0.000000, 0.000000, 0.000000, 140.000000
29.681730, 25.000000, 25.000000, 0.000000, 0.000000, 0.000000, 0.000000, 0.000000, 0.000000, 150.000000
31.869652, 25.000000, 25.000000, 0.000000, 0.000000, 0.000000, 0.000000, 0.000000, 0.000000, 160.000000
33.986271, 25.000000, 25.000000, 0.000000, 0.000000, 0.000000, 0.000000, 0.000000, 0.000000, 170.000000
36.017235, 25.000000, 25.000000, 0.000000, 0.000000, 0.000000, 0.000000, 0.000000, 0.000000, 180.000000
37.956276, 25.000000, 25.000000, 0.000000, 0.000000, 0.000000, 0.000000, 0.000000, 0.000000, 190.000000
39.793976, 25.000000, 25.000000, 0.000000, 0.000000, 0.000000, 0.000000, 0.000000, 0.000000, 200.000000
41.528904, 25.000000, 25.000000, 0.000000, 0.000000, 0.000000, 0.000000, 0.000000, 0.000000, 210.000000
43.171585, 25.000000, 25.000000, 0.000000, 0.000000, 0.000000, 0.000000, 0.000000, 0.000000, 220.000000
44.731670, 25.000000, 25.000000, 0.000000, 0.000000, 0.000000, 0.000000, 0.000000, 0.000000, 230.000000
46.217995, 25.000000, 25.000000, 0.000000, 0.000000, 0.000000, 0.000000, 0.000000, 0.000000, 240.000000
47.638676, 25.000000, 25.000000, 0.000000, 0.000000, 0.000000, 0.000000, 0.000000, 0.000000, 250.000000
49.001255, 25.000000, 25.000000, 0.000000, 0.000000, 0.000000, 0.000000, 0.000000, 0.000000, 260.000000
50.312695, 25.000000, 25.000000, 0.000000, 0.000000, 0.000000, 0.000000, 0.000000, 0.000000, 270.000000
51.579269, 25.000000, 25.000000, 0.000000, 0.000000, 0.000000, 0.000000, 0.000000, 0.000000, 280.000000
52.806583, 25.000000, 25.000000, 0.000000, 0.000000, 0.000000, 0.000000, 0.000000, 0.000000, 290.000000
53.999725, 25.000000, 25.000000, 0.000000, 0.000000, 0.000000, 0.000000, 0.000000, 0.000000, 300.000000
55.163471, 25.000000, 25.000000, 0.000000, 0.000000, 0.000000, 0.000000, 0.000000, 0.000000, 310.000000
56.302448, 25.000000, 25.000000, 0.000000, 0.000000, 0.000000, 0.000000, 0.000000, 0.000000, 320.000000
57.421162, 25.000000, 25.000000, 0.000000, 0.000000, 0.000000, 0.000000, 0.000000, 0.000000, 330.000000
58.523872, 25.000000, 25.000000, 0.000000, 0.000000, 0.000000, 0.000000, 0.000000, 0.000000, 340.000000
59.614410, 25.000000, 25.000000, 0.000000, 0.000000, 0.000000, 0.000000, 0.000000, 0.000000, 350.000000
60.696011, 25.000000, 25.000000, 0.000000, 0.000000, 0.000000, 0.000000, 0.000000, 0.000000, 360.000000
61.771126, 25.000000, 25.000000, 0.000000, 0.000000, 0.000000, 0.000000, 0.000000, 0.000000, 370.000000
62.841362, 25.000000, 25.000000, 0.000000, 0.000000, 0.000000, 0.000000, 0.000000, 0.000000, 380.000000
63.907837, 25.000000, 25.000000, 0.000000, 0.000000, 0.000000, 0.000000, 0.000000, 0.000000, 390.000000
64.971352, 25.000000, 25.000000, 0.000000, 0.000000, 0.000000, 0.000000, 0.000000, 0.000000, 400.000000
66.032608, 25.000000, 25.000000, 0.000000, 0.000000, 0.000000, 0.000000, 0.000000, 0.000000, 410.000000
67.092392, 25.000000, 25.000000, 0.000000, 0.000000, 0.000000, 0.000000, 0.000000, 0.000000, 420.000000
68.151581, 25.000000, 25.000000, 0.000000, 0.000000, 0.000000, 0.000000, 0.000000, 0.000000, 430.000000
69.210632, 25.000000, 25.000000, 0.000000, 0.000000, 0.000000, 0.000000, 0.000000, 0.000000, 440.000000
70.270287, 25.000000, 25.000000, 0.000000, 0.000000, 0.000000, 0.000000, 0.000000, 0.000000, 450.000000
71.330933, 25.000000, 25.000000, 0.000000, 0.000000, 0.000000, 0.000000, 0.000000, 0.000000, 460.000000
72.392868, 25.000000, 25.000000, 0.000000, 0.000000, 0.000000, 0.000000, 0.000000, 0.000000, 470.000000
73.456406, 25.000000, 25.000000, 0.000000, 0.000000, 0.000000, 0.000000, 0.000000, 0.000000, 480.000000
74.522034, 25.000000, 25.000000, 0.000000, 0.000000, 0.000000, 0.000000, 0.000000, 0.000000, 490.000000
75.590218, 25.000000, 25.000000, 0.000000, 0.000000, 0.000000, 0.000000, 0.000000, 0.000000, 500.000000
76.661491, 25.000000, 25.000000, 0.000000, 0.000000, 0.000000, 0.000000, 0.000000, 0.000000, 510.000000
77.736496, 25.000000, 25.000000, 0.000000, 0.000000, 0.000000, 0.000000, 0.000000, 0.000000, 520.000000
78.815735, 25.000000, 25.000000, 0.000000, 0.000000, 0.000000, 0.000000, 0.000000, 0.000000, 530.000000
79.899666, 25.000000, 25.000000, 0.000000, 0.000000, 0.000000, 0.000000, 0.000000, 0.000000, 540.000000
80.988686, 25.000000, 25.000000, 0.000000, 0.000000, 0.000000, 0.000000, 0.000000, 0.000000, 550.000000
82.083138, 25.000000, 25.000000, 0.000000, 0.000000, 0.000000, 0.000000, 0.000000, 0.000000, 560.000000
83.183472, 25.000000, 25.000000, 0.000000, 0.000000, 0.000000, 0.000000, 0.000000, 0.000000, 570.000000
84.291275, 25.000000, 25.000000, 0.000000, 0.000000, 0.000000, 0.000000, 0.000000, 0.000000, 580.000000
85.408699, 25.000000, 25.000000, 0.000000, 0.000000, 0.000000, 0.000000, 0.000000, 0.000000, 590.000000
86.537872, 25.000000, 25.000000, 0.000000, 0.000000, 0.000000, 0.000000, 0.000000, 0.000000, 600.000000
87.682030, 25.000000, 25.000000, 0.000000, 0.000000, 0.000000, 0.000000, 0.000000, 0.000000, 610.000000
88.845268, 25.000000, 25.000000, 0.000000, 0.000000, 0.000000, 0.000000, 0.000000, 0.000000, 620.000000
90.031784, 25.000000, 25.000000, 0.000000, 0.000000, 0.000000, 0.000000, 0.000000, 0.000000, 630.000000
91.245308, 25.000000, 25.000000, 0.000000, 0.000000, 0.000000, 0.000000, 0.000000, 0.000000, 640.000000
92.488762, 25.000000, 25.000000, 0.000000, 0.000000, 0.000000, 0.000000, 0.000000, 0.000000, 650.000000
93.764191, 25.000000, 25.000000, 0.000000, 0.000000, 0.000000, 0.000000, 0.000000, 0.000000, 660.000000
95.072784, 25.000000, 25.000000, 0.000000, 0.000000, 0.000000, 0.000000, 0.000000, 0.000000, 670.000000
96.415009, 25.000000, 25.000000, 0.000000, 0.000000, 0.000000, 0.000000, 0.000000, 0.000000, 680.000000
97.790794, 25.000000, 25.000000, 0.000000, 0.000000, 0.000000, 0.000000, 0.000000, 0.000000, 690.000000
99.199623, 25.000000, 25.000000, 0.000000, 0.000000, 0.000000, 0.000000, 0.000000, 0.000000, 700.000000
100.640175, 25.000000, 25.000000, 0.000000, 0.000000, 0.000000, 0.000000, 0.000000, 0.000000, 710.000000
102.109314, 25.000000, 25.000000, 0.000000, 0.000000, 0.000000, 0.000000, 0.000000, 0.000000, 720.000000
103.601410, 25.000000, 25.000000, 0.000000, 0.000000, 0.000000, 0.000000, 0.000000, 0.000000, 730.000000
105.108871, 25.000000, 25.000000, 0.000000, 0.000000, 0.000000, 0.000000, 0.000000, 0.000000, 740.000000
106.623817, 25.000000, 25.000000, 0.000000, 0.000000, 0.000000, 0.000000, 0.000000, 0.000000, 750.000000
108.139877, 25.000000, 25.000000, 0.000000, 0.000000, 0.000000, 0.000000, 0.000000, 0.000000, 760.000000
109.654739, 25.000000, 25.000000, 0.000000, 0.000000, 0.000000, 0.000000, 0.000000, 0.000000, 770.000000
111.169449, 25.000000, 25.000000, 0.000000, 0.000000, 0.000000, 0.000000, 0.000000, 0.000000, 780.000000
112.685219, 25.000000, 25.000000, 0.000000, 0.000000, 0.000000, 0.000000, 0.000000, 0.000000, 790.000000
114.200981, 25.000000, 25.000000, 0.000000, 0.000000, 0.000000, 0.000000, 0.000000, 0.000000, 800.000000
115.714348, 25.000000, 25.000000, 0.000000, 0.000000, 0.000000, 0.000000, 0.000000, 0.000000, 810.000000
117.223213, 25.000000, 25.000000, 0.000000, 0.000000, 0.000000, 0.000000, 0.000000, 0.000000, 820.000000
118.726570, 25.000000, 25.000000, 0.000000, 0.000000, 0.000000, 0.000000, 0.000000, 0.000000, 830.000000
120.224411, 25.000000, 25.000000, 0.000000, 0.000000, 0.000000, 0.000000, 0.000000, 0.000000, 840.000000
121.716789, 25.000000, 25.000000, 0.000000, 0.000000, 0.000000, 0.000000, 0.000000, 0.000000, 850.000000
123.203026, 25.000000, 25.000000, 0.000000, 0.000000, 0.000000, 0.000000, 0.000000, 0.000000, 860.000000
124.681717, 25.000000, 25.000000, 0.000000, 0.000000, 0.000000, 0.000000, 0.000000, 0.000000, 870.000000
126.150818, 25.484905, 25.000000, 0.000000, 0.000000, 0.000000, 0.000000, 0.000000, 0.000000, 880.000000
127.531372, 26.015043, 25.005404, 0.000000, 0.000000, 0.000000, 0.000000, 0.000000, 0.000000, 890.000000
128.774979, 26.589081, 25.016634, 0.000000, 0.000000, 0.000000, 0.000000, 0.000000, 0.000000, 900.000000
129.912460, 26.558365, 25.034094, 0.000000, 0.000000, 0.000000, 0.000000, 0.000000, 0.000000, 910.000000
131.002258, 26.528589, 25.050955, 0.000000, 0.000000, 0.000000, 0.000000, 0.000000, 0.000000, 920.000000
132.087311, 26.499725, 25.067234, 0.000000, 0.000000, 0.000000, 0.000000, 0.000000, 0.000000, 930.000000
133.167694, 26.471743, 25.082951, 0.000000, 0.000000, 0.000000, 0.000000, 0.000000, 0.000000, 940.000000
134.243637, 26.444614, 25.098124, 0.000000, 0.000000, 0.000000, 0.000000, 0.000000, 0.000000, 950.000000
135.315628, 26.418312, 25.112770, 0.000000, 0.000000, 0.000000, 0.000000, 0.000000, 0.000000, 960.000000
136.384262, 26.392809, 25.126907, 0.000000, 0.000000, 0.000000, 0.000000, 0.000000, 0.000000, 970.000000
137.449875, 26.368080, 25.140553, 0.000000, 0.000000, 0.000000, 0.000000, 0.000000, 0.000000, 980.000000
138.512817, 26.344101, 25.153721, 0.000000, 0.000000, 0.000000, 0.000000, 0.000000, 0.000000, 990.000000
139.573364, 26.320848, 25.166428, 0.000000, 0.000000, 0.000000, 0.000000, 0.000000, 0.000000, 1000.000000
140.631851, 26.298298, 25.178686, 0.000000, 0.000000, 0.000000, 0.000000, 0.000000, 0.000000, 1010.000000
141.688400, 26.276426, 25.190514, 0.000000, 0.000000, 0.000000, 0.000000, 0.000000, 0.000000, 1020.000000
142.743179, 26.255215, 25.201921, 0.000000, 0.000000, 0.000000, 0.000000, 0.000000, 0.000000, 1030.000000
143.796356, 26.234640, 25.212925, 0.000000, 0.000000, 0.000000, 0.000000, 0.000000, 0.000000, 1040.000000
144.847946, 26.214682, 25.223537, 0.000000, 0.000000, 0.000000, 0.000000, 0.000000, 0.000000, 1050.000000
145.898041, 26.195320, 25.233770, 0.000000, 0.000000, 0.000000, 0.000000, 0.000000, 0.000000, 1060.000000
146.946671, 26.176537, 25.243637, 0.000000, 0.000000, 0.000000, 0.000000, 0.000000, 0.000000, 1070.000000
147.993866, 26.158314, 25.253149, 0.000000, 0.000000, 0.000000, 0.000000, 0.000000, 0.000000, 1080.000000
149.039429, 26.140633, 25.262316, 0.000000, 0.000000, 0.000000, 0.000000, 0.000000, 0.000000, 1090.000000
150.083282, 26.123476, 25.271151, 0.000000, 0.000000, 0.000000, 0.000000, 0.000000, 0.000000, 1100.000000
151.125259, 26.106827, 25.279665, 0.000000, 0.000000, 0.000000, 0.000000, 0.000000, 0.000000, 1110.000000
152.165131, 26.090670, 25.287867, 0.000000, 0.000000, 0.000000, 0.000000, 0.000000, 0.000000, 1120.000000
153.202789, 26.074987, 25.295767, 0.000000, 0.000000, 0.000000, 0.000000, 0.000000, 0.000000, 1130.000000
154.238190, 26.059767, 25.303377, 0.000000, 0.000000, 0.000000, 0.000000, 0.000000, 0.000000, 1140.000000
155.272919, 26.044991, 25.310705, 0.000000, 0.000000, 0.000000, 0.000000, 0.000000, 0.000000, 1150.000000
156.310806, 26.030647, 25.317760, 0.000000, 0.000000, 0.000000, 0.000000, 0.000000, 0.000000, 1160.000000
157.356766, 26.016722, 25.324551, 0.000000, 0.000000, 0.000000, 0.000000, 0.000000, 0.000000, 1170.000000
158.417557, 26.003201, 25.331085, 0.000000, 0.000000, 0.000000, 0.000000, 0.000000, 0.000000, 1180.000000
159.501617, 25.990070, 25.337374, 0.000000, 0.000000, 0.000000, 0.000000, 0.000000, 0.000000, 1190.000000
160.619125, 25.977320, 25.343422, 0.000000, 0.000000, 0.000000, 0.000000, 0.000000, 0.000000, 1200.000000
161.782562, 25.964937, 25.349239, 0.000000, 0.000000, 0.000000, 0.000000, 0.000000, 0.000000, 1210.000000
163.007736, 25.952909, 25.354834, 0.000000, 0.000000, 0.000000, 0.000000, 0.000000, 0.000000, 1220.000000
164.315933, 26.515135, 25.360210, 0.000000, 0.000000, 0.000000, 0.000000, 0.000000, 0.000000, 1230.000000
165.655914, 27.083261, 25.371773, 0.000000, 0.000000, 0.000000, 0.000000, 0.000000, 0.000000, 1240.000000
166.965225, 27.655098, 25.389494, 0.000000, 0.000000, 0.000000, 0.000000, 0.000000, 0.000000, 1250.000000
168.252609, 28.228861, 25.413326, 0.000000, 0.000000, 0.000000, 0.000000, 0.000000, 0.000000, 1260.000000
169.524643, 28.803116, 25.443199, 0.000000, 0.000000, 0.000000, 0.000000, 0.000000, 0.000000, 1270.000000
170.786240, 29.376757, 25.479029, 0.000000, 0.000000, 0.000000, 0.000000, 0.000000, 0.000000, 1280.000000
172.040909, 29.949041, 25.520721, 0.000000, 0.000000, 0.000000, 0.000000, 0.000000, 0.000000, 1290.000000
173.290817, 30.519646, 25.568174, 0.000000, 0.000000, 0.000000, 0.000000, 0.000000, 0.000000, 1300.000000
174.536835, 31.088633, 25.621284, 0.000000, 0.000000, 0.000000, 0.000000, 0.000000, 0.000000, 1310.000000
175.778778, 31.656364, 25.679951, 0.000000, 0.000000, 0.000000, 0.000000, 0.000000, 0.000000, 1320.000000
177.015793, 31.539619, 25.744076, 0.000000, 0.000000, 0.000000, 0.000000, 0.000000, 0.000000, 1330.000000
178.306534, 31.426407, 25.805952, 0.000000, 0.000000, 0.000000, 0.000000, 0.000000, 0.000000, 1340.000000
179.727737, 31.316616, 25.865654, 0.000000, 0.000000, 0.000000, 0.000000, 0.000000, 0.000000, 1350.000000
181.306671, 31.210135, 25.923250, 0.000000, 0.000000, 0.000000, 0.000000, 0.000000, 0.000000, 1360.000000
183.071182, 31.106859, 25.978809, 0.000000, 0.000000, 0.000000, 0.000000, 0.000000, 0.000000, 1370.000000
185.042465, 31.006687, 26.032398, 0.000000, 0.000000, 0.000000, 0.000000, 0.000000, 0.000000, 1380.000000
187.218689, 30.909517, 26.084080, 0.000000, 0.000000, 0.000000, 0.000000, 0.000000, 0.000000, 1390.000000
189.552185, 30.815256, 26.133915, 0.000000, 0.000000, 0.000000, 0.000000, 0.000000, 0.000000, 1400.000000
191.942291, 30.723810, 26.181963, 0.000000, 0.000000, 0.000000, 0.000000, 0.000000, 0.000000, 1410.000000
194.268692, 30.635088, 26.228283, 0.000000, 0.000000, 0.000000, 0.000000, 0.000000, 0.000000, 1420.000000
196.445236, 30.549004, 26.272930, 0.000000, 0.000000, 0.000000, 0.000000, 0.000000, 0.000000, 1430.000000
198.442871, 30.465473, 26.315960, 0.000000, 0.000000, 0.000000, 0.000000, 0.000000, 0.000000, 1440.000000
200.273529, 30.384415, 26.357422, 0.000000, 0.000000, 0.000000, 0.000000, 0.000000, 0.000000, 1450.000000
201.966080, 30.305750, 26.397369, 0.000000, 0.000000, 0.000000, 0.000000, 0.000000, 0.000000, 1460.000000
203.551956, 30.229403, 26.435850, 0.000000, 0.000000, 0.000000, 0.000000, 0.000000, 0.000000, 1470.000000
205.059662, 30.155298, 26.472912, 0.000000, 0.000000, 0.000000, 0.000000, 0.000000, 0.000000, 1480.000000
206.513336, 30.083364, 26.508600, 0.000000, 0.000000, 0.000000, 0.000000, 0.000000, 0.000000, 1490.000000
207.932770, 30.013535, 26.542961, 0.000000, 0.000000, 0.000000, 0.000000, 0.000000, 0.000000, 1500.000000
209.352203, 29.945740, 26.576036, 0.000000, 0.000000, 0.000000, 0.000000, 0.000000, 0.000000, 1510.000000
210.797653, 29.879915, 26.607866, 0.000000, 0.000000, 0.000000, 0.000000, 0.000000, 0.000000, 1520.000000
212.269882, 29.815998, 26.638493, 0.000000, 0.000000, 0.000000, 0.000000, 0.000000, 0.000000, 1530.000000
213.769516, 29.753927, 26.667955, 0.000000, 0.000000, 0.000000, 0.000000, 0.000000, 0.000000, 1540.000000
215.297211, 29.693645, 26.696291, 0.000000, 0.000000, 0.000000, 0.000000, 0.000000, 0.000000, 1550.000000
216.853790, 29.635094, 26.723537, 0.000000, 0.000000, 0.000000, 0.000000, 0.000000, 0.000000, 1560.000000
218.440506, 29.578218, 26.749729, 0.000000, 0.000000, 0.000000, 0.000000, 0.000000, 0.000000, 1570.000000
