Time(s), Twind(°C), TMotCase(°C), Flat_i(N), Flat_o(N), Flat_r(N), Frad_i(N), Frad_o(N), Frad_r(N)
0.000000, 25.000000, 25.000000, 0.000000, 0.000000, 0.000000, 0.000000, 0.000000, 0.000000, 0.000000
1.579210, 25.000000, 25.000000, 0.000000, 0.000000, 0.000000, 0.000000, 0.000000, 0.000000, 10.000000
3.192907, 25.000000, 25.000000, 0.000000, 0.000000, 0.000000, 0.000000, 0.000000, 0.000000, 20.000000
4.842392, 25.000000, 25.000000, 0.000000, 0.000000, 0.000000, 0.000000, 0.000000, 0.000000, 30.000000
6.528844, 25.000000, 25.000000, 0.000000, 0.000000, 0.000000, 0.000000, 0.000000, 0.000000, 40.000000
8.253469, 25.000000, 25.000000, 0.000000, 0.000000, 0.000000, 0.000000, 0.000000, 0.000000, 50.000000
10.017737, 25.000000, 25.000000, 0.000000, 0.000000, 0.000000, 0.000000, 0.000000, 0.000000, 60.000000
11.823680, 25.000000, 25.000000, 0.000000, 0.000000, 0.000000, 0.000000, 0.000000, 0.000000, 70.000000
13.674092, 25.000000, 25.000000, 0.000000, 0.000000, 0.000000, 0.000000, 0.000000, 0.000000, 80.000000
15.572626, 25.000000, 25.000000, 0.000000, 0.000000, 0.000000, 0.000000, 0.000000, 0.000000, 90.000000
17.522726, 25.000000, 25.000000, 0.000000, 0.000000, 0.000000, 0.000000, 0.000000, 0.000000, 100.000000
19.524805, 25.000000, 25.000000, 0.000000, 0.000000, 0.000000, 0.000000, 0.000000, 0.000000, 110.000000
21.573141, 25.000000, 25.000000, 0.000000, 0.000000, 0.000000, 0.000000, 0.000000, 0.000000, 120.000000
23.654463, 25.000000, 25.000000, 0.000000, 0.000000, 0.000000, 0.000000, 0.000000, 0.000000, 130.000000
25.748526, 25.000000, 25.000000, 0.000000, 0.000000, 0.000000, 0.000000, 0.000000, 0.000000, 140.000000
27.830753, 25.000000, 25.000000, 0.000000, 0.000000, 0.000000, 0.000000, 0.000000, 0.000000, 150.000000
29.876297, 25.000000, 25.000000, 0.000000, 0.000000, 0.000000, 0.000000, 0.000000, 0.000000, 160.000000
31.865072, 25.000000, 25.000000, 0.000000, 0.000000, 0.000000, 0.000000, 0.000000, 0.000000, 170.000000
33.783676, 25.000000, 25.000000, 0.000000, 0.000000, 0.000000, 0.000000, 0.000000, 0.000000, 180.000000
35.625267, 25.000000, 25.000000, 0.000000, 0.000000, 0.000000, 0.000000, 0.000000, 0.000000, 190.000000
37.380123, 25.000000, 25.000000, 0.000000, 0.000000, 0.000000, 0.000000, 0.000000, 0.000000, 200.000000
39.045433, 25.000000, 25.000000, 0.000000, 0.000000, 0.000000, 0.000000, 0.000000, 0.000000, 210.000000
40.629189, 25.000000, 25.000000, 0.000000, 0.000000, 0.000000, 0.000000, 0.000000, 0.000000, 220.000000
42.139015, 25.000000, 25.000000, 0.000000, 0.000000, 0.000000, 0.000000, 0.000000, 0.000000, 230.000000
43.582134, 25.000000, 25.000000, 0.000000, 0.000000, 0.000000, 0.000000, 0.000000, 0.000000, 240.000000
44.965370, 25.000000, 25.000000, 0.000000, 0.000000, 0.000000, 0.000000, 0.000000, 0.000000, 250.000000
46.295204, 25.000000, 25.000000, 0.000000, 0.000000, 0.000000, 0.000000, 0.000000, 0.000000, 260.000000
47.577732, 25.000000, 25.000000, 0.000000, 0.000000, 0.000000, 0.000000, 0.000000, 0.000000, 270.000000
48.818527, 25.000000, 25.000000, 0.000000, 0.000000, 0.000000, 0.000000, 0.000000, 0.000000, 280.000000
50.022621, 25.000000, 25.000000, 0.000000, 0.000000, 0.000000, 0.000000, 0.000000, 0.000000, 290.000000
51.194641, 25.000000, 25.000000, 0.000000, 0.000000, 0.000000, 0.000000, 0.000000, 0.000000, 300.000000
52.339005, 25.000000, 25.000000, 0.000000, 0.000000, 0.000000, 0.000000, 0.000000, 0.000000, 310.000000
53.460060, 25.000000, 25.000000, 0.000000, 0.000000, 0.000000, 0.000000, 0.000000, 0.000000, 320.000000
54.562080, 25.000000, 25.000000, 0.000000, 0.000000, 0.000000, 0.000000, 0.000000, 0.000000, 330.000000
55.649162, 25.000000, 25.000000, 0.000000, 0.000000, 0.000000, 0.000000, 0.000000, 0.000000, 340.000000
56.724991, 25.000000, 25.000000, 0.000000, 0.000000, 0.000000, 0.000000, 0.000000, 0.000000, 350.000000
57.792690, 25.000000, 25.000000, 0.000000, 0.000000, 0.000000, 0.000000, 0.000000, 0.000000, 360.000000
58.854618, 25.000000, 25.000000, 0.000000, 0.000000, 0.000000, 0.000000, 0.000000, 0.000000, 370.000000
59.912304, 25.000000, 25.000000, 0.000000, 0.000000, 0.000000, 0.000000, 0.000000, 0.000000, 380.000000
60.966663, 25.000000, 25.000000, 0.000000, 0.000000, 0.000000, 0.000000, 0.000000, 0.000000, 390.000000
62.018368, 25.000000, 25.000000, 0.000000, 0.000000, 0.000000, 0.000000, 0.000000, 0.000000, 400.000000
63.068085, 25.000000, 25.000000, 0.000000, 0.000000, 0.000000, 0.000000, 0.000000, 0.000000, 410.000000
64.116478, 25.000000, 25.000000, 0.000000, 0.000000, 0.000000, 0.000000, 0.000000, 0.000000, 420.000000
65.164291, 25.000000, 25.000000, 0.000000, 0.000000, 0.000000, 0.000000, 0.000000, 0.000000, 430.000000
66.212219, 25.000000, 25.000000, 0.000000, 0.000000, 0.000000, 0.000000, 0.000000, 0.000000, 440.000000
67.260956, 25.000000, 25.000000, 0.000000, 0.000000, 0.000000, 0.000000, 0.000000, 0.000000, 450.000000
68.310768, 25.000000, 25.000000, 0.000000, 0.000000, 0.000000, 0.000000, 0.000000, 0.000000, 460.000000
69.361870, 25.000000, 25.000000, 0.000000, 0.000000, 0.000000, 0.000000, 0.000000, 0.000000, 470.000000
70.414703, 25.000000, 25.000000, 0.000000, 0.000000, 0.000000, 0.000000, 0.000000, 0.000000, 480.000000
71.469627, 25.000000, 25.000000, 0.000000, 0.000000, 0.000000, 0.000000, 0.000000, 0.000000, 490.000000
72.527130, 25.000000, 25.000000, 0.000000, 0.000000, 0.000000, 0.000000, 0.000000, 0.000000, 500.000000
73.587761, 25.000000, 25.000000, 0.000000, 0.000000, 0.000000, 0.000000, 0.000000, 0.000000, 510.000000
74.652077, 25.000000, 25.000000, 0.000000, 0.000000, 0.000000, 0.000000, 0.000000, 0.000000, 520.000000
75.720604, 25.000000, 25.000000, 0.000000, 0.000000, 0.000000, 0.000000, 0.000000, 0.000000, 530.000000
76.793777, 25.000000, 25.000000, 0.000000, 0.000000, 0.000000, 0.000000, 0.000000, 0.000000, 540.000000
77.871979, 25.000000, 25.000000, 0.000000, 0.000000, 0.000000, 0.000000, 0.000000, 0.000000, 550.000000
78.955528, 25.000000, 25.000000, 0.000000, 0.000000, 0.000000, 0.000000, 0.000000, 0.000000, 560.000000
80.044891, 25.000000, 25.000000, 0.000000, 0.000000, 0.000000, 0.000000, 0.000000, 0.000000, 570.000000
81.141571, 25.000000, 25.000000, 0.000000, 0.000000, 0.000000, 0.000000, 0.000000, 0.000000, 580.000000
82.247681, 25.000000, 25.000000, 0.000000, 0.000000, 0.000000, 0.000000, 0.000000, 0.000000, 590.000000
83.365295, 25.000000, 25.000000, 0.000000, 0.000000, 0.000000, 0.000000, 0.000000, 0.000000, 600.000000
84.497635, 25.000000, 25.000000, 0.000000, 0.000000, 0.000000, 0.000000, 0.000000, 0.000000, 610.000000
85.648743, 25.000000, 25.000000, 0.000000, 0.000000, 0.000000, 0.000000, 0.000000, 0.000000, 620.000000
86.822792, 25.000000, 25.000000, 0.000000, 0.000000, 0.000000, 0.000000, 0.000000, 0.000000, 630.000000
88.023491, 25.000000, 25.000000, 0.000000, 0.000000, 0.000000, 0.000000, 0.000000, 0.000000, 640.000000
89.253761, 25.000000, 25.000000, 0.000000, 0.000000, 0.000000, 0.000000, 0.000000, 0.000000, 650.000000
90.515656, 25.000000, 25.000000, 0.000000, 0.000000, 0.000000, 0.000000, 0.000000, 0.000000, 660.000000
91.810387, 25.000000, 25.000000, 0.000000, 0.000000, 0.000000, 0.000000, 0.000000, 0.000000, 670.000000
93.138451, 25.000000, 25.000000, 0.000000, 0.000000, 0.000000, 0.000000, 0.000000, 0.000000, 680.000000
94.499817, 25.000000, 25.000000, 0.000000, 0.000000, 0.000000, 0.000000, 0.000000, 0.000000, 690.000000
95.894012, 25.000000, 25.000000, 0.000000, 0.000000, 0.000000, 0.000000, 0.000000, 0.000000, 700.000000
97.319771, 25.000000, 25.000000, 0.000000, 0.000000, 0.000000, 0.000000, 0.000000, 0.000000, 710.000000
98.774040, 25.000000, 25.000000, 0.000000, 0.000000, 0.000000, 0.000000, 0.000000, 0.000000, 720.000000
100.251289, 25.000000, 25.000000, 0.000000, 0.000000, 0.000000, 0.000000, 0.000000, 0.000000, 730.000000
101.744049, 25.000000, 25.000000, 0.000000, 0.000000, 0.000000, 0.000000, 0.000000, 0.000000, 740.000000
103.244545, 25.000000, 25.000000, 0.000000, 0.000000, 0.000000, 0.000000, 0.000000, 0.000000, 750.000000
104.746513, 25.000000, 25.000000, 0.000000, 0.000000, 0.000000, 0.000000, 0.000000, 0.000000, 760.000000
106.247704, 25.000000, 25.000000, 0.000000, 0.000000, 0.000000, 0.000000, 0.000000, 0.000000, 770.000000
107.749420, 25.000000, 25.000000, 0.000000, 0.000000, 0.000000, 0.000000, 0.000000, 0.000000, 780.000000
109.252434, 25.000000, 25.000000, 0.000000, 0.000000, 0.000000, 0.000000, 0.000000, 0.000000, 790.000000
110.755798, 25.000000, 25.000000, 0.000000, 0.000000, 0.000000, 0.000000, 0.000000, 0.000000, 800.000000
112.257423, 25.000000, 25.000000, 0.000000, 0.000000, 0.000000, 0.000000, 0.000000, 0.000000, 810.000000
113.754921, 25.000000, 25.000000, 0.000000, 0.000000, 0.000000, 0.000000, 0.000000, 0.000000, 820.000000
115.247261, 25.000000, 25.000000, 0.000000, 0.000000, 0.000000, 0.000000, 0.000000, 0.000000, 830.000000
116.734390, 25.000000, 25.000000, 0.000000, 0.000000, 0.000000, 0.000000, 0.000000, 0.000000, 840.000000
118.216309, 25.000000, 25.000000, 0.000000, 0.000000, 0.000000, 0.000000, 0.000000, 0.000000, 850.000000
119.692352, 25.000000, 25.000000, 0.000000, 0.000000, 0.000000, 0.000000, 0.000000, 0.000000, 860.000000
121.161079, 25.000000, 25.000000, 0.000000, 0.000000, 0.000000, 0.000000, 0.000000, 0.000000, 870.000000
122.620499, 25.000000, 25.000000, 0.000000, 0.000000, 0.000000, 0.000000, 0.000000, 0.000000, 880.000000
124.068520, 25.448158, 25.000000, 0.000000, 0.000000, 0.000000, 0.000000, 0.000000, 0.000000, 890.000000
125.437950, 25.937941, 25.005335, 0.000000, 0.000000, 0.000000, 0.000000, 0.000000, 0.000000, 900.000000
126.685043, 25.918480, 25.016415, 0.000000, 0.000000, 0.000000, 0.000000, 0.000000, 0.000000, 910.000000
127.876404, 25.899656, 25.027088, 0.000000, 0.000000, 0.000000, 0.000000, 0.000000, 0.000000, 920.000000
129.060532, 25.881449, 25.037369, 0.000000, 0.000000, 0.000000, 0.000000, 0.000000, 0.000000, 930.000000
130.237625, 25.863834, 25.047272, 0.000000, 0.000000, 0.000000, 0.000000, 0.000000, 0.000000, 940.000000
131.408020, 25.846794, 25.056808, 0.000000, 0.000000, 0.000000, 0.000000, 0.000000, 0.000000, 950.000000
132.572433, 25.830309, 25.065990, 0.000000, 0.000000, 0.000000, 0.000000, 0.000000, 0.000000, 960.000000
133.731659, 25.814360, 25.074833, 0.000000, 0.000000, 0.000000, 0.000000, 0.000000, 0.000000, 970.000000
134.886169, 25.798927, 25.083345, 0.000000, 0.000000, 0.000000, 0.000000, 0.000000, 0.000000, 980.000000
136.036453, 25.783995, 25.091539, 0.000000, 0.000000, 0.000000, 0.000000, 0.000000, 0.000000, 990.000000
137.182907, 25.769545, 25.099426, 0.000000, 0.000000, 0.000000, 0.000000, 0.000000, 0.000000, 1000.000000
138.325928, 25.755562, 25.107018, 0.000000, 0.000000, 0.000000, 0.000000, 0.000000, 0.000000, 1010.000000
139.465744, 25.742029, 25.114323, 0.000000, 0.000000, 0.000000, 0.000000, 0.000000, 0.000000, 1020.000000
140.602539, 25.728931, 25.121351, 0.000000, 0.000000, 0.000000, 0.000000, 0.000000, 0.000000, 1030.000000
141.736465, 25.716253, 25.128113, 0.000000, 0.000000, 0.000000, 0.000000, 0.000000, 0.000000, 1040.000000
142.867569, 25.703979, 25.134617, 0.000000, 0.000000, 0.000000, 0.000000, 0.000000, 0.000000, 1050.000000
143.995926, 25.692099, 25.140873, 0.000000, 0.000000, 0.000000, 0.000000, 0.000000, 0.000000, 1060.000000
145.121643, 25.680595, 25.146889, 0.000000, 0.000000, 0.000000, 0.000000, 0.000000, 0.000000, 1070.000000
146.244644, 25.669458, 25.152672, 0.000000, 0.000000, 0.000000, 0.000000, 0.000000, 0.000000, 1080.000000
147.364777, 25.658674, 25.158232, 0.000000, 0.000000, 0.000000, 0.000000, 0.000000, 0.000000, 1090.000000
148.481812, 25.648232, 25.163576, 0.000000, 0.000000, 0.000000, 0.000000, 0.000000, 0.000000, 1100.000000
149.595535, 25.638119, 25.168711, 0.000000, 0.000000, 0.000000, 0.000000, 0.000000, 0.000000, 1110.000000
150.705734, 25.628323, 25.173645, 0.000000, 0.000000, 0.000000, 0.000000, 0.000000, 0.000000, 1120.000000
151.812225, 25.618835, 25.178385, 0.000000, 0.000000, 0.000000, 0.000000, 0.000000, 0.000000, 1130.000000
152.914932, 25.609644, 25.182936, 0.000000, 0.000000, 0.000000, 0.000000, 0.000000, 0.000000, 1140.000000
154.015976, 25.600740, 25.187305, 0.000000, 0.000000, 0.000000, 0.000000, 0.000000, 0.000000, 1150.000000
155.119629, 25.592113, 25.191502, 0.000000, 0.000000, 0.000000, 0.000000, 0.000000, 0.000000, 1160.000000
156.231949, 25.583754, 25.195528, 0.000000, 0.000000, 0.000000, 0.000000, 0.000000, 0.000000, 1170.000000
157.361084, 25.575653, 25.199392, 0.000000, 0.000000, 0.000000, 0.000000, 0.000000, 0.000000, 1180.000000
158.517273, 25.567801, 25.203098, 0.000000, 0.000000, 0.000000, 0.000000, 0.000000, 0.000000, 1190.000000
159.713165, 25.560190, 25.206652, 0.000000, 0.000000, 0.000000, 0.000000, 0.000000, 0.000000, 1200.000000
160.964630, 25.552813, 25.210060, 0.000000, 0.000000, 0.000000, 0.000000, 0.000000, 0.000000, 1210.000000
162.292587, 25.545660, 25.213326, 0.000000, 0.000000, 0.000000, 0.000000, 0.000000, 0.000000, 1220.000000
163.726685, 26.133503, 25.216455, 0.000000, 0.000000, 0.000000, 0.000000, 0.000000, 0.000000, 1230.000000
165.195297, 26.732428, 25.226532, 0.000000, 0.000000, 0.000000, 0.000000, 0.000000, 0.000000, 1240.000000
166.611435, 27.339624, 25.243578, 0.000000, 0.000000, 0.000000, 0.000000, 0.000000, 0.000000, 1250.000000
167.988312, 27.952877, 25.267584, 0.000000, 0.000000, 0.000000, 0.000000, 0.000000, 0.000000, 1260.000000
169.335327, 28.570450, 25.298510, 0.000000, 0.000000, 0.000000, 0.000000, 0.000000, 0.000000, 1270.000000
170.659225, 29.191034, 25.336298, 0.000000, 0.000000, 0.000000, 0.000000, 0.000000, 0.000000, 1280.000000
171.964722, 29.813789, 25.380877, 0.000000, 0.000000, 0.000000, 0.000000, 0.000000, 0.000000, 1290.000000
173.254654, 30.438379, 25.432165, 0.000000, 0.000000, 0.000000, 0.000000, 0.000000, 0.000000, 1300.000000
174.530365, 31.064926, 25.490078, 0.000000, 0.000000, 0.000000, 0.000000, 0.000000, 0.000000, 1310.000000
175.791977, 30.948593, 25.554535, 0.000000, 0.000000, 0.000000, 0.000000, 0.000000, 0.000000, 1320.000000
177.111542, 30.836033, 25.616590, 0.000000, 0.000000, 0.000000, 0.000000, 0.000000, 0.000000, 1330.000000
178.585388, 30.727116, 25.676327, 0.000000, 0.000000, 0.000000, 0.000000, 0.000000, 0.000000, 1340.000000
180.260910, 30.621717, 25.733824, 0.000000, 0.000000, 0.000000, 0.000000, 0.000000, 0.000000, 1350.000000
182.210205, 30.519720, 25.789160, 0.000000, 0.000000, 0.000000, 0.000000, 0.000000, 0.000000, 1360.000000
184.540421, 30.421005, 25.842409, 0.000000, 0.000000, 0.000000, 0.000000, 0.000000, 0.000000, 1370.000000
187.411972, 30.325460, 25.893642, 0.000000, 0.000000, 0.000000, 0.000000, 0.000000, 0.000000, 1380.000000
191.034378, 30.232979, 25.942930, 0.000000, 0.000000, 0.000000, 0.000000, 0.000000, 0.000000, 1390.000000
195.501587, 30.143456, 25.990341, 0.000000, 0.000000, 0.000000, 0.000000, 0.000000, 0.000000, 1400.000000
200.338501, 30.056791, 26.035938, 0.000000, 0.000000, 0.000000, 0.000000, 0.000000, 0.000000, 1410.000000
204.678680, 29.972887, 26.079784, 0.000000, 0.000000, 0.000000, 0.000000, 0.000000, 0.000000, 1420.000000
208.212051, 29.891647, 26.121941, 0.000000, 0.000000, 0.000000, 0.000000, 0.000000, 0.000000, 1430.000000
211.090988, 29.812983, 26.162464, 0.000000, 0.000000, 0.000000, 0.000000, 0.000000, 0.000000, 1440.000000
213.517975, 29.736805, 26.201412, 0.000000, 0.000000, 0.000000, 0.000000, 0.000000, 0.000000, 1450.000000
215.639740, 29.663031, 26.238838, 0.000000, 0.000000, 0.000000, 0.000000, 0.000000, 0.000000, 1460.000000
217.553879, 29.591576, 26.274796, 0.000000, 0.000000, 0.000000, 0.000000, 0.000000, 0.000000, 1470.000000
219.326202, 29.522362, 26.309336, 0.000000, 0.000000, 0.000000, 0.000000, 0.000000, 0.000000, 1480.000000
221.002686, 29.455315, 26.342506, 0.000000, 0.000000, 0.000000, 0.000000, 0.000000, 0.000000, 1490.000000
222.616425, 29.390358, 26.374357, 0.000000, 0.000000, 0.000000, 0.000000, 0.000000, 0.000000, 1500.000000
224.223511, 29.327421, 26.404932, 0.000000, 0.000000, 0.000000, 0.000000, 0.000000, 0.000000, 1510.000000
225.866852, 29.266436, 26.434275, 0.000000, 0.000000, 0.000000, 0.000000, 0.000000, 0.000000, 1520.000000
227.547974, 29.207336, 26.462429, 0.000000, 0.000000, 0.000000, 0.000000, 0.000000, 0.000000, 1530.000000
229.268250, 29.150057, 26.489435, 0.000000, 0.000000, 0.000000, 0.000000, 0.000000, 0.000000, 1540.000000
231.029037, 29.094536, 26.515333, 0.000000, 0.000000, 0.000000, 0.000000, 0.000000, 0.000000, 1550.000000
232.831940, 29.040714, 26.540163, 0.000000, 0.000000, 0.000000, 0.000000, 0.000000, 0.000000, 1560.000000
