Time(s), Twind(°C), TMotCase(°C), Flat_i(N), Flat_o(N), Flat_r(N), Frad_i(N), Frad_o(N), Frad_r(N)
0.000000, 25.119879, 25.000000, 0.000000, 0.000000, 0.000000, 0.000000, 0.000000, 0.000000, 0.000000
8.256808, 25.370285, 25.001427, 0.000000, 0.000000, 0.000000, 0.000000, 0.000000, 0.000000, 10.000000
11.568666, 25.685921, 25.005812, 0.000000, 0.000000, 0.000000, 0.000000, 0.000000, 0.000000, 20.000000
14.009457, 26.054657, 25.013884, 0.000000, 0.000000, 0.000000, 0.000000, 0.000000, 0.000000, 30.000000
16.010368, 26.470592, 25.026218, 0.000000, 0.000000, 0.000000, 0.000000, 0.000000, 0.000000, 40.000000
17.734600, 26.930262, 25.043308, 0.000000, 0.000000, 0.000000, 0.000000, 0.000000, 0.000000, 50.000000
19.264963, 26.890886, 25.065599, 0.000000, 0.000000, 0.000000, 0.000000, 0.000000, 0.000000, 60.000000
20.729664, 26.852797, 25.087070, 0.000000, 0.000000, 0.000000, 0.000000, 0.000000, 0.000000, 70.000000
22.221365, 26.815950, 25.107750, 0.000000, 0.000000, 0.000000, 0.000000, 0.000000, 0.000000, 80.000000
23.742750, 26.780304, 25.127665, 0.000000, 0.000000, 0.000000, 0.000000, 0.000000, 0.000000, 90.000000
25.295956, 26.745817, 25.146841, 0.000000, 0.000000, 0.000000, 0.000000, 0.000000, 0.000000, 100.000000
26.880518, 26.712450, 25.165304, 0.000000, 0.000000, 0.000000, 0.000000, 0.000000, 0.000000, 110.000000
28.492079, 26.680164, 25.183079, 0.000000, 0.000000, 0.000000, 0.000000, 0.000000, 0.000000, 120.000000
30.122503, 26.648924, 25.200190, 0.000000, 0.000000, 0.000000, 0.000000, 0.000000, 0.000000, 130.000000
31.759369, 26.618692, 25.216658, 0.000000, 0.000000, 0.000000, 0.000000, 0.000000, 0.000000, 140.000000
33.388344, 26.589436, 25.232506, 0.000000, 0.000000, 0.000000, 0.000000, 0.000000, 0.000000, 150.000000
34.995541, 26.561119, 25.247757, 0.000000, 0.000000, 0.000000, 0.000000, 0.000000, 0.000000, 160.000000
36.570190, 26.533712, 25.262430, 0.000000, 0.000000, 0.000000, 0.000000, 0.000000, 0.000000, 170.000000
38.104980, 26.507183, 25.276545, 0.000000, 0.000000, 0.000000, 0.000000, 0.000000, 0.000000, 180.000000
39.595867, 26.481503, 25.290121, 0.000000, 0.000000, 0.000000, 0.000000, 0.000000, 0.000000, 190.000000
41.041309, 26.456642, 25.303177, 0.000000, 0.000000, 0.000000, 0.000000, 0.000000, 0.000000, 200.000000
42.441280, 26.432571, 25.315731, 0.000000, 0.000000, 0.000000, 0.000000, 0.000000, 0.000000, 210.000000
43.796585, 26.409266, 25.327801, 0.000000, 0.000000, 0.000000, 0.000000, 0.000000, 0.000000, 220.000000
45.108624, 26.386698, 25.339403, 0.000000, 0.000000, 0.000000, 0.000000, 0.000000, 0.000000, 230.000000
46.379356, 26.364843, 25.350554, 0.000000, 0.000000, 0.000000, 0.000000, 0.000000, 0.000000, 240.000000
47.611149, 26.343678, 25.361269, 0.000000, 0.000000, 0.000000, 0.000000, 0.000000, 0.000000, 250.000000
48.806686, 26.323177, 25.371563, 0.000000, 0.000000, 0.000000, 0.000000, 0.000000, 0.000000, 260.000000
49.968922, 26.303320, 25.381451, 0.000000, 0.000000, 0.000000, 0.000000, 0.000000, 0.000000, 270.000000
51.100899, 26.284082, 25.390945, 0.000000, 0.000000, 0.000000, 0.000000, 0.000000, 0.000000, 280.000000
52.205540, 26.265446, 25.400063, 0.000000, 0.000000, 0.000000, 0.000000, 0.000000, 0.000000, 290.000000
53.285683, 26.247387, 25.408813, 0.000000, 0.000000, 0.000000, 0.000000, 0.000000, 0.000000, 300.000000
54.344284, 26.229889, 25.417212, 0.000000, 0.000000, 0.000000, 0.000000, 0.000000, 0.000000, 310.000000
55.384552, 26.212931, 25.425268, 0.000000, 0.000000, 0.000000, 0.000000, 0.000000, 0.000000, 320.000000
56.409992, 26.196495, 25.432997, 0.000000, 0.000000, 0.000000, 0.000000, 0.000000, 0.000000, 330.000000
57.424210, 26.180563, 25.440407, 0.000000, 0.000000, 0.000000, 0.000000, 0.000000, 0.000000, 340.000000
58.430584, 26.165117, 25.447510, 0.000000, 0.000000, 0.000000, 0.000000, 0.000000, 0.000000, 350.000000
59.432034, 26.150143, 25.454317, 0.000000, 0.000000, 0.000000, 0.000000, 0.000000, 0.000000, 360.000000
60.430748, 26.135622, 25.460840, 0.000000, 0.000000, 0.000000, 0.000000, 0.000000, 0.000000, 370.000000
61.427994, 26.121540, 25.467087, 0.000000, 0.000000, 0.000000, 0.000000, 0.000000, 0.000000, 380.000000
62.424122, 26.107883, 25.473066, 0.000000, 0.000000, 0.000000, 0.000000, 0.000000, 0.000000, 390.000000
63.419094, 26.094637, 25.478790, 0.000000, 0.000000, 0.000000, 0.000000, 0.000000, 0.000000, 400.000000
64.412811, 26.081785, 25.484266, 0.000000, 0.000000, 0.000000, 0.000000, 0.000000, 0.000000, 410.000000
65.405449, 26.069317, 25.489502, 0.000000, 0.000000, 0.000000, 0.000000, 0.000000, 0.000000, 420.000000
66.397232, 26.057217, 25.494507, 0.000000, 0.000000, 0.000000, 0.000000, 0.000000, 0.000000, 430.000000
67.389359, 26.045475, 25.499289, 0.000000, 0.000000, 0.000000, 0.000000, 0.000000, 0.000000, 440.000000
68.381233, 26.034077, 25.503855, 0.000000, 0.000000, 0.000000, 0.000000, 0.000000, 0.000000, 450.000000
69.374008, 26.023012, 25.508213, 0.000000, 0.000000, 0.000000, 0.000000, 0.000000, 0.000000, 460.000000
70.367950, 26.012270, 25.512371, 0.000000, 0.000000, 0.000000, 0.000000, 0.000000, 0.000000, 470.000000
71.363449, 26.001839, 25.516336, 0.000000, 0.000000, 0.000000, 0.000000, 0.000000, 0.000000, 480.000000
72.360710, 25.991707, 25.520115, 0.000000, 0.000000, 0.000000, 0.000000, 0.000000, 0.000000, 490.000000
73.360031, 25.981867, 25.523714, 0.000000, 0.000000, 0.000000, 0.000000, 0.000000, 0.000000, 500.000000
74.361809, 25.972307, 25.527138, 0.000000, 0.000000, 0.000000, 0.000000, 0.000000, 0.000000, 510.000000
75.366547, 25.963018, 25.530394, 0.000000, 0.000000, 0.000000, 0.000000, 0.000000, 0.000000, 520.000000
76.374718, 25.953991, 25.533489, 0.000000, 0.000000, 0.000000, 0.000000, 0.000000, 0.000000, 530.000000
77.386787, 25.945215, 25.536428, 0.000000, 0.000000, 0.000000, 0.000000, 0.000000, 0.000000, 540.000000
78.403198, 25.936686, 25.539217, 0.000000, 0.000000, 0.000000, 0.000000, 0.000000, 0.000000, 550.000000
79.424278, 25.928391, 25.541859, 0.000000, 0.000000, 0.000000, 0.000000, 0.000000, 0.000000, 560.000000
80.450310, 25.920324, 25.544361, 0.000000, 0.000000, 0.000000, 0.000000, 0.000000, 0.000000, 570.000000
81.481644, 25.912479, 25.546728, 0.000000, 0.000000, 0.000000, 0.000000, 0.000000, 0.000000, 580.000000
82.518806, 25.904846, 25.548964, 0.000000, 0.000000, 0.000000, 0.000000, 0.000000, 0.000000, 590.000000
83.562500, 25.897419, 25.551073, 0.000000, 0.000000, 0.000000, 0.000000, 0.000000, 0.000000, 600.000000
84.613617, 25.890192, 25.553061, 0.000000, 0.000000, 0.000000, 0.000000, 0.000000, 0.000000, 610.000000
85.673431, 25.883158, 25.554932, 0.000000, 0.000000, 0.000000, 0.000000, 0.000000, 0.000000, 620.000000
86.744057, 25.876308, 25.556688, 0.000000, 0.000000, 0.000000, 0.000000, 0.000000, 0.000000, 630.000000
87.828850, 25.869638, 25.558336, 0.000000, 0.000000, 0.000000, 0.000000, 0.000000, 0.000000, 640.000000
88.932014, 25.863142, 25.559879, 0.000000, 0.000000, 0.000000, 0.000000, 0.000000, 0.000000, 650.000000
90.057800, 25.856813, 25.561319, 0.000000, 0.000000, 0.000000, 0.000000, 0.000000, 0.000000, 660.000000
91.209831, 25.850647, 25.562662, 0.000000, 0.000000, 0.000000, 0.000000, 0.000000, 0.000000, 670.000000
92.390869, 25.844637, 25.563910, 0.000000, 0.000000, 0.000000, 0.000000, 0.000000, 0.000000, 680.000000
93.602745, 26.338196, 25.565067, 0.000000, 0.000000, 0.000000, 0.000000, 0.000000, 0.000000, 690.000000
94.802788, 26.322063, 25.572081, 0.000000, 0.000000, 0.000000, 0.000000, 0.000000, 0.000000, 700.000000
95.991570, 26.306414, 25.578791, 0.000000, 0.000000, 0.000000, 0.000000, 0.000000, 0.000000, 710.000000
97.211327, 26.291229, 25.585209, 0.000000, 0.000000, 0.000000, 0.000000, 0.000000, 0.000000, 720.000000
98.461708, 26.276497, 25.591345, 0.000000, 0.000000, 0.000000, 0.000000, 0.000000, 0.000000, 730.000000
99.741028, 26.262199, 25.597210, 0.000000, 0.000000, 0.000000, 0.000000, 0.000000, 0.000000, 740.000000
101.045120, 26.248323, 25.602812, 0.000000, 0.000000, 0.000000, 0.000000, 0.000000, 0.000000, 750.000000
102.367607, 26.234854, 25.608160, 0.000000, 0.000000, 0.000000, 0.000000, 0.000000, 0.000000, 760.000000
103.701408, 26.221777, 25.613264, 0.000000, 0.000000, 0.000000, 0.000000, 0.000000, 0.000000, 770.000000
105.040924, 26.209080, 25.618132, 0.000000, 0.000000, 0.000000, 0.000000, 0.000000, 0.000000, 780.000000
106.383133, 26.196749, 25.622770, 0.000000, 0.000000, 0.000000, 0.000000, 0.000000, 0.000000, 790.000000
107.727654, 26.184771, 25.627190, 0.000000, 0.000000, 0.000000, 0.000000, 0.000000, 0.000000, 800.000000
109.075798, 26.173136, 25.631397, 0.000000, 0.000000, 0.000000, 0.000000, 0.000000, 0.000000, 810.000000
110.429344, 26.161831, 25.635399, 0.000000, 0.000000, 0.000000, 0.000000, 0.000000, 0.000000, 820.000000
111.789032, 26.150846, 25.639204, 0.000000, 0.000000, 0.000000, 0.000000, 0.000000, 0.000000, 830.000000
113.153610, 26.140169, 25.642818, 0.000000, 0.000000, 0.000000, 0.000000, 0.000000, 0.000000, 840.000000
114.520302, 26.129791, 25.646248, 0.000000, 0.000000, 0.000000, 0.000000, 0.000000, 0.000000, 850.000000
115.886459, 26.119701, 25.649500, 0.000000, 0.000000, 0.000000, 0.000000, 0.000000, 0.000000, 860.000000
117.250847, 26.109890, 25.652580, 0.000000, 0.000000, 0.000000, 0.000000, 0.000000, 0.000000, 870.000000
118.613029, 26.100348, 25.655495, 0.000000, 0.000000, 0.000000, 0.000000, 0.000000, 0.000000, 880.000000
119.972496, 26.091064, 25.658251, 0.000000, 0.000000, 0.000000, 0.000000, 0.000000, 0.000000, 890.000000
121.328163, 26.082033, 25.660852, 0.000000, 0.000000, 0.000000, 0.000000, 0.000000, 0.000000, 900.000000
122.678368, 26.073244, 25.663305, 0.000000, 0.000000, 0.000000, 0.000000, 0.000000, 0.000000, 910.000000
124.021179, 26.064690, 25.665615, 0.000000, 0.000000, 0.000000, 0.000000, 0.000000, 0.000000, 920.000000
125.354881, 26.056362, 25.667788, 0.000000, 0.000000, 0.000000, 0.000000, 0.000000, 0.000000, 930.000000
126.678291, 26.048254, 25.669827, 0.000000, 0.000000, 0.000000, 0.000000, 0.000000, 0.000000, 940.000000
127.990883, 26.040358, 25.671736, 0.000000, 0.000000, 0.000000, 0.000000, 0.000000, 0.000000, 950.000000
129.292648, 26.032665, 25.673521, 0.000000, 0.000000, 0.000000, 0.000000, 0.000000, 0.000000, 960.000000
130.583908, 26.025171, 25.675186, 0.000000, 0.000000, 0.000000, 0.000000, 0.000000, 0.000000, 970.000000
131.865219, 26.017868, 25.676737, 0.000000, 0.000000, 0.000000, 0.000000, 0.000000, 0.000000, 980.000000
133.137177, 26.010750, 25.678175, 0.000000, 0.000000, 0.000000, 0.000000, 0.000000, 0.000000, 990.000000
134.400421, 26.003809, 25.679506, 0.000000, 0.000000, 0.000000, 0.000000, 0.000000, 0.000000, 1000.000000
135.655640, 25.997042, 25.680735, 0.000000, 0.000000, 0.000000, 0.000000, 0.000000, 0.000000, 1010.000000
136.903549, 25.990440, 25.681862, 0.000000, 0.000000, 0.000000, 0.000000, 0.000000, 0.000000, 1020.000000
138.144806, 25.984001, 25.682894, 0.000000, 0.000000, 0.000000, 0.000000, 0.000000, 0.000000, 1030.000000
139.380112, 25.977718, 25.683832, 0.000000, 0.000000, 0.000000, 0.000000, 0.000000, 0.000000, 1040.000000
140.610001, 25.971586, 25.684681, 0.000000, 0.000000, 0.000000, 0.000000, 0.000000, 0.000000, 1050.000000
141.834915, 25.965599, 25.685444, 0.000000, 0.000000, 0.000000, 0.000000, 0.000000, 0.000000, 1060.000000
143.055191, 25.959753, 25.686123, 0.000000, 0.000000, 0.000000, 0.000000, 0.000000, 0.000000, 1070.000000
144.271057, 25.954042, 25.686722, 0.000000, 0.000000, 0.000000, 0.000000, 0.000000, 0.000000, 1080.000000
145.482620, 25.948463, 25.687243, 0.000000, 0.000000, 0.000000, 0.000000, 0.000000, 0.000000, 1090.000000
146.690033, 25.943012, 25.687689, 0.000000, 0.000000, 0.000000, 0.000000, 0.000000, 0.000000, 1100.000000
147.893341, 25.937685, 25.688065, 0.000000, 0.000000, 0.000000, 0.000000, 0.000000, 0.000000, 1110.000000
149.092529, 25.932476, 25.688370, 0.000000, 0.000000, 0.000000, 0.000000, 0.000000, 0.000000, 1120.000000
150.287476, 25.927382, 25.688608, 0.000000, 0.000000, 0.000000, 0.000000, 0.000000, 0.000000, 1130.000000
151.477890, 25.922400, 25.688782, 0.000000, 0.000000, 0.000000, 0.000000, 0.000000, 0.000000, 1140.000000
152.663498, 25.917524, 25.688894, 0.000000, 0.000000, 0.000000, 0.000000, 0.000000, 0.000000, 1150.000000
153.843964, 25.912754, 25.688948, 0.000000, 0.000000, 0.000000, 0.000000, 0.000000, 0.000000, 1160.000000
155.019058, 25.908083, 25.688942, 0.000000, 0.000000, 0.000000, 0.000000, 0.000000, 0.000000, 1170.000000
156.188675, 25.903509, 25.688881, 0.000000, 0.000000, 0.000000, 0.000000, 0.000000, 0.000000, 1180.000000
157.352921, 25.899031, 25.688766, 0.000000, 0.000000, 0.000000, 0.000000, 0.000000, 0.000000, 1190.000000
158.512604, 25.894644, 25.688601, 0.000000, 0.000000, 0.000000, 0.000000, 0.000000, 0.000000, 1200.000000
159.670227, 25.890345, 25.688385, 0.000000, 0.000000, 0.000000, 0.000000, 0.000000, 0.000000, 1210.000000
160.830185, 25.886129, 25.688122, 0.000000, 0.000000, 0.000000, 0.000000, 0.000000, 0.000000, 1220.000000
162.000015, 25.881998, 25.687813, 0.000000, 0.000000, 0.000000, 0.000000, 0.000000, 0.000000, 1230.000000
163.189926, 25.877947, 25.687460, 0.000000, 0.000000, 0.000000, 0.000000, 0.000000, 0.000000, 1240.000000
164.413010, 25.873972, 25.687063, 0.000000, 0.000000, 0.000000, 0.000000, 0.000000, 0.000000, 1250.000000
165.685715, 25.870071, 25.686626, 0.000000, 0.000000, 0.000000, 0.000000, 0.000000, 0.000000, 1260.000000
167.029434, 26.417435, 25.686150, 0.000000, 0.000000, 0.000000, 0.000000, 0.000000, 0.000000, 1270.000000
168.394531, 26.974459, 25.692196, 0.000000, 0.000000, 0.000000, 0.000000, 0.000000, 0.000000, 1280.000000
169.723312, 27.537382, 25.704777, 0.000000, 0.000000, 0.000000, 0.000000, 0.000000, 0.000000, 1290.000000
171.027328, 28.103041, 25.723860, 0.000000, 0.000000, 0.000000, 0.000000, 0.000000, 0.000000, 1300.000000
172.315277, 28.668770, 25.749374, 0.000000, 0.000000, 0.000000, 0.000000, 0.000000, 0.000000, 1310.000000
173.593887, 29.232344, 25.781219, 0.000000, 0.000000, 0.000000, 0.000000, 0.000000, 0.000000, 1320.000000
174.868423, 29.791925, 25.819271, 0.000000, 0.000000, 0.000000, 0.000000, 0.000000, 0.000000, 1330.000000
176.142990, 30.346146, 25.863382, 0.000000, 0.000000, 0.000000, 0.000000, 0.000000, 0.000000, 1340.000000
177.420288, 30.894249, 25.913395, 0.000000, 0.000000, 0.000000, 0.000000, 0.000000, 0.000000, 1350.000000
178.701691, 31.436090, 25.969143, 0.000000, 0.000000, 0.000000, 0.000000, 0.000000, 0.000000, 1360.000000
179.987289, 31.972033, 26.030460, 0.000000, 0.000000, 0.000000, 0.000000, 0.000000, 0.000000, 1370.000000
181.276230, 32.502785, 26.097189, 0.000000, 0.000000, 0.000000, 0.000000, 0.000000, 0.000000, 1380.000000
182.567139, 32.369118, 26.169182, 0.000000, 0.000000, 0.000000, 0.000000, 0.000000, 0.000000, 1390.000000
183.926926, 32.239742, 26.238449, 0.000000, 0.000000, 0.000000, 0.000000, 0.000000, 0.000000, 1400.000000
185.453430, 32.114510, 26.305082, 0.000000, 0.000000, 0.000000, 0.000000, 0.000000, 0.000000, 1410.000000
187.206329, 31.993280, 26.369175, 0.000000, 0.000000, 0.000000, 0.000000, 0.000000, 0.000000, 1420.000000
189.275558, 31.875919, 26.430813, 0.000000, 0.000000, 0.000000, 0.000000, 0.000000, 0.000000, 1430.000000
191.802032, 31.762293, 26.490082, 0.000000, 0.000000, 0.000000, 0.000000, 0.000000, 0.000000, 1440.000000
195.011383, 31.652275, 26.547062, 0.000000, 0.000000, 0.000000, 0.000000, 0.000000, 0.000000, 1450.000000
199.210358, 31.545742, 26.601835, 0.000000, 0.000000, 0.000000, 0.000000, 0.000000, 0.000000, 1460.000000
204.435013, 31.442575, 26.654476, 0.000000, 0.000000, 0.000000, 0.000000, 0.000000, 0.000000, 1470.000000
209.713531, 31.342659, 26.705059, 0.000000, 0.000000, 0.000000, 0.000000, 0.000000, 0.000000, 1480.000000
214.034653, 31.245884, 26.753654, 0.000000, 0.000000, 0.000000, 0.000000, 0.000000, 0.000000, 1490.000000
217.404160, 31.152142, 26.800331, 0.000000, 0.000000, 0.000000, 0.000000, 0.000000, 0.000000, 1500.000000
220.129807, 31.061331, 26.845156, 0.000000, 0.000000, 0.000000, 0.000000, 0.000000, 0.000000, 1510.000000
222.442368, 30.973351, 26.888191, 0.000000, 0.000000, 0.000000, 0.000000, 0.000000, 0.000000, 1520.000000
224.485718, 30.888103, 26.929501, 0.000000, 0.000000, 0.000000, 0.000000, 0.000000, 0.000000, 1530.000000
226.350739, 30.805498, 26.969145, 0.000000, 0.000000, 0.000000, 0.000000, 0.000000, 0.000000, 1540.000000
228.097473, 30.725443, 27.007179, 0.000000, 0.000000, 0.000000, 0.000000, 0.000000, 0.000000, 1550.000000
229.767487, 30.647852, 27.043661, 0.000000, 0.000000, 0.000000, 0.000000, 0.000000, 0.000000, 1560.000000
231.389984, 30.572641, 27.078644, 0.000000, 0.000000, 0.000000, 0.000000, 0.000000, 0.000000, 1570.000000
232.985199, 30.499731, 27.112179, 0.000000, 0.000000, 0.000000, 0.000000, 0.000000, 0.000000, 1580.000000
234.566879, 30.429041, 27.144318, 0.000000, 0.000000, 0.000000, 0.000000, 0.000000, 0.000000, 1590.000000
236.144165, 30.360497, 27.175108, 0.000000, 0.000000, 0.000000, 0.000000, 0.000000, 0.000000, 1600.000000
237.722519, 30.294025, 27.204597, 0.000000, 0.000000, 0.000000, 0.000000, 0.000000, 0.000000, 1610.000000
239.305969, 30.229557, 27.232830, 0.000000, 0.000000, 0.000000, 0.000000, 0.000000, 0.000000, 1620.000000
240.898926, 30.167023, 27.259850, 0.000000, 0.000000, 0.000000, 0.000000, 0.000000, 0.000000, 1630.000000
242.506348, 30.106358, 27.285698, 0.000000, 0.000000, 0.000000, 0.000000, 0.000000, 0.000000, 1640.000000
244.127045, 30.047497, 27.310417, 0.000000, 0.000000, 0.000000, 0.000000, 0.000000, 0.000000, 1650.000000
