Time(s), Twind(°C), TMotCase(°C), Flat_i(N), Flat_o(N), Flat_r(N), Frad_i(N), Frad_o(N), Frad_r(N)
0.000000, 25.000000, 25.000000, 0.000000, 0.000000, 0.000000, 0.000000, 0.000000, 0.000000, 0.000000
1.484809, 25.000000, 25.000000, 0.000000, 0.000000, 0.000000, 0.000000, 0.000000, 0.000000, 10.000000
2.998840, 25.000000, 25.000000, 0.000000, 0.000000, 0.000000, 0.000000, 0.000000, 0.000000, 20.000000
4.543020, 25.000000, 25.000000, 0.000000, 0.000000, 0.000000, 0.000000, 0.000000, 0.000000, 30.000000
6.118155, 25.000000, 25.000000, 0.000000, 0.000000, 0.000000, 0.000000, 0.000000, 0.000000, 40.000000
7.725064, 25.000000, 25.000000, 0.000000, 0.000000, 0.000000, 0.000000, 0.000000, 0.000000, 50.000000
9.364835, 25.000000, 25.000000, 0.000000, 0.000000, 0.000000, 0.000000, 0.000000, 0.000000, 60.000000
11.039038, 25.000000, 25.000000, 0.000000, 0.000000, 0.000000, 0.000000, 0.000000, 0.000000, 70.000000
12.749945, 25.000000, 25.000000, 0.000000, 0.000000, 0.000000, 0.000000, 0.000000, 0.000000, 80.000000
14.500573, 25.000000, 25.000000, 0.000000, 0.000000, 0.000000, 0.000000, 0.000000, 0.000000, 90.000000
16.293804, 25.000000, 25.000000, 0.000000, 0.000000, 0.000000, 0.000000, 0.000000, 0.000000, 100.000000
18.130154, 25.000000, 25.000000, 0.000000, 0.000000, 0.000000, 0.000000, 0.000000, 0.000000, 110.000000
20.005444, 25.000000, 25.000000, 0.000000, 0.000000, 0.000000, 0.000000, 0.000000, 0.000000, 120.000000
21.909750, 25.000000, 25.000000, 0.000000, 0.000000, 0.000000, 0.000000, 0.000000, 0.000000, 130.000000
23.827765, 25.000000, 25.000000, 0.000000, 0.000000, 0.000000, 0.000000, 0.000000, 0.000000, 140.000000
25.740196, 25.000000, 25.000000, 0.000000, 0.000000, 0.000000, 0.000000, 0.000000, 0.000000, 150.000000
27.626921, 25.000000, 25.000000, 0.000000, 0.000000, 0.000000, 0.000000, 0.000000, 0.000000, 160.000000
29.470987, 25.000000, 25.000000, 0.000000, 0.000000, 0.000000, 0.000000, 0.000000, 0.000000, 170.000000
31.260323, 25.000000, 25.000000, 0.000000, 0.000000, 0.000000, 0.000000, 0.000000, 0.000000, 180.000000
32.987938, 25.000000, 25.000000, 0.000000, 0.000000, 0.000000, 0.000000, 0.000000, 0.000000, 190.000000
34.644238, 25.000000, 25.000000, 0.000000, 0.000000, 0.000000, 0.000000, 0.000000, 0.000000, 200.000000
36.225342, 25.000000, 25.000000, 0.000000, 0.000000, 0.000000, 0.000000, 0.000000, 0.000000, 210.000000
37.736797, 25.000000, 25.000000, 0.000000, 0.000000, 0.000000, 0.000000, 0.000000, 0.000000, 220.000000
39.184196, 25.000000, 25.000000, 0.000000, 0.000000, 0.000000, 0.000000, 0.000000, 0.000000, 230.000000
40.573082, 25.000000, 25.000000, 0.000000, 0.000000, 0.000000, 0.000000, 0.000000, 0.000000, 240.000000
41.908878, 25.000000, 25.000000, 0.000000, 0.000000, 0.000000, 0.000000, 0.000000, 0.000000, 250.000000
43.196903, 25.000000, 25.000000, 0.000000, 0.000000, 0.000000, 0.000000, 0.000000, 0.000000, 260.000000
44.442280, 25.000000, 25.000000, 0.000000, 0.000000, 0.000000, 0.000000, 0.000000, 0.000000, 270.000000
45.649757, 25.000000, 25.000000, 0.000000, 0.000000, 0.000000, 0.000000, 0.000000, 0.000000, 280.000000
46.823692, 25.000000, 25.000000, 0.000000, 0.000000, 0.000000, 0.000000, 0.000000, 0.000000, 290.000000
47.968174, 25.000000, 25.000000, 0.000000, 0.000000, 0.000000, 0.000000, 0.000000, 0.000000, 300.000000
49.087177, 25.000000, 25.000000, 0.000000, 0.000000, 0.000000, 0.000000, 0.000000, 0.000000, 310.000000
50.184708, 25.000000, 25.000000, 0.000000, 0.000000, 0.000000, 0.000000, 0.000000, 0.000000, 320.000000
51.264771, 25.000000, 25.000000, 0.000000, 0.000000, 0.000000, 0.000000, 0.000000, 0.000000, 330.000000
52.331245, 25.000000, 25.000000, 0.000000, 0.000000, 0.000000, 0.000000, 0.000000, 0.000000, 340.000000
53.387653, 25.000000, 25.000000, 0.000000, 0.000000, 0.000000, 0.000000, 0.000000, 0.000000, 350.000000
54.436977, 25.000000, 25.000000, 0.000000, 0.000000, 0.000000, 0.000000, 0.000000, 0.000000, 360.000000
55.481441, 25.000000, 25.000000, 0.000000, 0.000000, 0.000000, 0.000000, 0.000000, 0.000000, 370.000000
56.522453, 25.000000, 25.000000, 0.000000, 0.000000, 0.000000, 0.000000, 0.000000, 0.000000, 380.000000
57.560772, 25.000000, 25.000000, 0.000000, 0.000000, 0.000000, 0.000000, 0.000000, 0.000000, 390.000000
58.596825, 25.000000, 25.000000, 0.000000, 0.000000, 0.000000, 0.000000, 0.000000, 0.000000, 400.000000
59.631184, 25.000000, 25.000000, 0.000000, 0.000000, 0.000000, 0.000000, 0.000000, 0.000000, 410.000000
60.664639, 25.000000, 25.000000, 0.000000, 0.000000, 0.000000, 0.000000, 0.000000, 0.000000, 420.000000
61.693520, 25.000000, 25.000000, 0.000000, 0.000000, 0.000000, 0.000000, 0.000000, 0.000000, 430.000000
62.726852, 25.000000, 25.000000, 0.000000, 0.000000, 0.000000, 0.000000, 0.000000, 0.000000, 440.000000
63.761044, 25.000000, 25.000000, 0.000000, 0.000000, 0.000000, 0.000000, 0.000000, 0.000000, 450.000000
64.796379, 25.000000, 25.000000, 0.000000, 0.000000, 0.000000, 0.000000, 0.000000, 0.000000, 460.000000
65.833160, 25.000000, 25.000000, 0.000000, 0.000000, 0.000000, 0.000000, 0.000000, 0.000000, 470.000000
66.871666, 25.000000, 25.000000, 0.000000, 0.000000, 0.000000, 0.000000, 0.000000, 0.000000, 480.000000
67.912323, 25.000000, 25.000000, 0.000000, 0.000000, 0.000000, 0.000000, 0.000000, 0.000000, 490.000000
68.955597, 25.000000, 25.000000, 0.000000, 0.000000, 0.000000, 0.000000, 0.000000, 0.000000, 500.000000
70.001984, 25.000000, 25.000000, 0.000000, 0.000000, 0.000000, 0.000000, 0.000000, 0.000000, 510.000000
71.052055, 25.000000, 25.000000, 0.000000, 0.000000, 0.000000, 0.000000, 0.000000, 0.000000, 520.000000
72.106277, 25.000000, 25.000000, 0.000000, 0.000000, 0.000000, 0.000000, 0.000000, 0.000000, 530.000000
73.165092, 25.000000, 25.000000, 0.000000, 0.000000, 0.000000, 0.000000, 0.000000, 0.000000, 540.000000
74.228844, 25.000000, 25.000000, 0.000000, 0.000000, 0.000000, 0.000000, 0.000000, 0.000000, 550.000000
75.297867, 25.000000, 25.000000, 0.000000, 0.000000, 0.000000, 0.000000, 0.000000, 0.000000, 560.000000
76.372574, 25.000000, 25.000000, 0.000000, 0.000000, 0.000000, 0.000000, 0.000000, 0.000000, 570.000000
77.454422, 25.000000, 25.000000, 0.000000, 0.000000, 0.000000, 0.000000, 0.000000, 0.000000, 580.000000
78.545448, 25.000000, 25.000000, 0.000000, 0.000000, 0.000000, 0.000000, 0.000000, 0.000000, 590.000000
79.647682, 25.000000, 25.000000, 0.000000, 0.000000, 0.000000, 0.000000, 0.000000, 0.000000, 600.000000
80.764297, 25.000000, 25.000000, 0.000000, 0.000000, 0.000000, 0.000000, 0.000000, 0.000000, 610.000000
81.899284, 25.000000, 25.000000, 0.000000, 0.000000, 0.000000, 0.000000, 0.000000, 0.000000, 620.000000
83.056778, 25.000000, 25.000000, 0.000000, 0.000000, 0.000000, 0.000000, 0.000000, 0.000000, 630.000000
84.240448, 25.000000, 25.000000, 0.000000, 0.000000, 0.000000, 0.000000, 0.000000, 0.000000, 640.000000
85.453224, 25.000000, 25.000000, 0.000000, 0.000000, 0.000000, 0.000000, 0.000000, 0.000000, 650.000000
86.697166, 25.000000, 25.000000, 0.000000, 0.000000, 0.000000, 0.000000, 0.000000, 0.000000, 660.000000
87.973518, 25.000000, 25.000000, 0.000000, 0.000000, 0.000000, 0.000000, 0.000000, 0.000000, 670.000000
89.282829, 25.000000, 25.000000, 0.000000, 0.000000, 0.000000, 0.000000, 0.000000, 0.000000, 680.000000
90.625114, 25.000000, 25.000000, 0.000000, 0.000000, 0.000000, 0.000000, 0.000000, 0.000000, 690.000000
91.999954, 25.000000, 25.000000, 0.000000, 0.000000, 0.000000, 0.000000, 0.000000, 0.000000, 700.000000
93.406151, 25.000000, 25.000000, 0.000000, 0.000000, 0.000000, 0.000000, 0.000000, 0.000000, 710.000000
94.840752, 25.000000, 25.000000, 0.000000, 0.000000, 0.000000, 0.000000, 0.000000, 0.000000, 720.000000
96.298355, 25.000000, 25.000000, 0.000000, 0.000000, 0.000000, 0.000000, 0.000000, 0.000000, 730.000000
97.771667, 25.000000, 25.000000, 0.000000, 0.000000, 0.000000, 0.000000, 0.000000, 0.000000, 740.000000
99.253067, 25.000000, 25.000000, 0.000000, 0.000000, 0.000000, 0.000000, 0.000000, 0.000000, 750.000000
100.736755, 25.000000, 25.000000, 0.000000, 0.000000, 0.000000, 0.000000, 0.000000, 0.000000, 760.000000
102.220009, 25.000000, 25.000000, 0.000000, 0.000000, 0.000000, 0.000000, 0.000000, 0.000000, 770.000000
103.704376, 25.000000, 25.000000, 0.000000, 0.000000, 0.000000, 0.000000, 0.000000, 0.000000, 780.000000
105.190697, 25.000000, 25.000000, 0.000000, 0.000000, 0.000000, 0.000000, 0.000000, 0.000000, 790.000000
106.678535, 25.000000, 25.000000, 0.000000, 0.000000, 0.000000, 0.000000, 0.000000, 0.000000, 800.000000
108.164497, 25.000000, 25.000000, 0.000000, 0.000000, 0.000000, 0.000000, 0.000000, 0.000000, 810.000000
109.646904, 25.000000, 25.000000, 0.000000, 0.000000, 0.000000, 0.000000, 0.000000, 0.000000, 820.000000
111.124603, 25.000000, 25.000000, 0.000000, 0.000000, 0.000000, 0.000000, 0.000000, 0.000000, 830.000000
112.597473, 25.000000, 25.000000, 0.000000, 0.000000, 0.000000, 0.000000, 0.000000, 0.000000, 840.000000
114.065468, 25.000000, 25.000000, 0.000000, 0.000000, 0.000000, 0.000000, 0.000000, 0.000000, 850.000000
115.527878, 25.442772, 25.000000, 0.000000, 0.000000, 0.000000, 0.000000, 0.000000, 0.000000, 860.000000
116.915367, 25.925505, 25.005270, 0.000000, 0.000000, 0.000000, 0.000000, 0.000000, 0.000000, 870.000000
118.180603, 25.906301, 25.016203, 0.000000, 0.000000, 0.000000, 0.000000, 0.000000, 0.000000, 880.000000
119.390686, 25.887728, 25.026735, 0.000000, 0.000000, 0.000000, 0.000000, 0.000000, 0.000000, 890.000000
120.594719, 25.869761, 25.036880, 0.000000, 0.000000, 0.000000, 0.000000, 0.000000, 0.000000, 900.000000
121.791946, 25.852381, 25.046652, 0.000000, 0.000000, 0.000000, 0.000000, 0.000000, 0.000000, 910.000000
122.982002, 25.835567, 25.056061, 0.000000, 0.000000, 0.000000, 0.000000, 0.000000, 0.000000, 920.000000
124.164856, 25.819302, 25.065123, 0.000000, 0.000000, 0.000000, 0.000000, 0.000000, 0.000000, 930.000000
125.340714, 25.803564, 25.073847, 0.000000, 0.000000, 0.000000, 0.000000, 0.000000, 0.000000, 940.000000
126.509911, 25.788336, 25.082247, 0.000000, 0.000000, 0.000000, 0.000000, 0.000000, 0.000000, 950.000000
127.673157, 25.773602, 25.090332, 0.000000, 0.000000, 0.000000, 0.000000, 0.000000, 0.000000, 960.000000
128.831207, 25.759344, 25.098114, 0.000000, 0.000000, 0.000000, 0.000000, 0.000000, 0.000000, 970.000000
129.984589, 25.745546, 25.105604, 0.000000, 0.000000, 0.000000, 0.000000, 0.000000, 0.000000, 980.000000
131.133774, 25.732193, 25.112812, 0.000000, 0.000000, 0.000000, 0.000000, 0.000000, 0.000000, 990.000000
132.279190, 25.719269, 25.119747, 0.000000, 0.000000, 0.000000, 0.000000, 0.000000, 0.000000, 1000.000000
133.421158, 25.706758, 25.126419, 0.000000, 0.000000, 0.000000, 0.000000, 0.000000, 0.000000, 1010.000000
134.559937, 25.694649, 25.132837, 0.000000, 0.000000, 0.000000, 0.000000, 0.000000, 0.000000, 1020.000000
135.695694, 25.682924, 25.139009, 0.000000, 0.000000, 0.000000, 0.000000, 0.000000, 0.000000, 1030.000000
136.828552, 25.671574, 25.144945, 0.000000, 0.000000, 0.000000, 0.000000, 0.000000, 0.000000, 1040.000000
137.958649, 25.660583, 25.150652, 0.000000, 0.000000, 0.000000, 0.000000, 0.000000, 0.000000, 1050.000000
139.086044, 25.649942, 25.156137, 0.000000, 0.000000, 0.000000, 0.000000, 0.000000, 0.000000, 1060.000000
140.210754, 25.639637, 25.161409, 0.000000, 0.000000, 0.000000, 0.000000, 0.000000, 0.000000, 1070.000000
141.332779, 25.629658, 25.166477, 0.000000, 0.000000, 0.000000, 0.000000, 0.000000, 0.000000, 1080.000000
142.451981, 25.619993, 25.171345, 0.000000, 0.000000, 0.000000, 0.000000, 0.000000, 0.000000, 1090.000000
143.568085, 25.610632, 25.176022, 0.000000, 0.000000, 0.000000, 0.000000, 0.000000, 0.000000, 1100.000000
144.680893, 25.601563, 25.180513, 0.000000, 0.000000, 0.000000, 0.000000, 0.000000, 0.000000, 1110.000000
145.790222, 25.592775, 25.184826, 0.000000, 0.000000, 0.000000, 0.000000, 0.000000, 0.000000, 1120.000000
146.895844, 25.584263, 25.188965, 0.000000, 0.000000, 0.000000, 0.000000, 0.000000, 0.000000, 1130.000000
147.997726, 25.576014, 25.192938, 0.000000, 0.000000, 0.000000, 0.000000, 0.000000, 0.000000, 1140.000000
149.097992, 25.568020, 25.196751, 0.000000, 0.000000, 0.000000, 0.000000, 0.000000, 0.000000, 1150.000000
150.200836, 25.560272, 25.200407, 0.000000, 0.000000, 0.000000, 0.000000, 0.000000, 0.000000, 1160.000000
151.312332, 25.552763, 25.203915, 0.000000, 0.000000, 0.000000, 0.000000, 0.000000, 0.000000, 1170.000000
152.440613, 25.545483, 25.207277, 0.000000, 0.000000, 0.000000, 0.000000, 0.000000, 0.000000, 1180.000000
153.595917, 25.538425, 25.210501, 0.000000, 0.000000, 0.000000, 0.000000, 0.000000, 0.000000, 1190.000000
154.790833, 25.531582, 25.213589, 0.000000, 0.000000, 0.000000, 0.000000, 0.000000, 0.000000, 1200.000000
156.041183, 25.524946, 25.216547, 0.000000, 0.000000, 0.000000, 0.000000, 0.000000, 0.000000, 1210.000000
157.367828, 25.518511, 25.219379, 0.000000, 0.000000, 0.000000, 0.000000, 0.000000, 0.000000, 1220.000000
158.800293, 25.512268, 25.222090, 0.000000, 0.000000, 0.000000, 0.000000, 0.000000, 0.000000, 1230.000000
160.384735, 26.060766, 25.224684, 0.000000, 0.000000, 0.000000, 0.000000, 0.000000, 0.000000, 1240.000000
162.032730, 26.618139, 25.233765, 0.000000, 0.000000, 0.000000, 0.000000, 0.000000, 0.000000, 1250.000000
163.623535, 27.181765, 25.249336, 0.000000, 0.000000, 0.000000, 0.000000, 0.000000, 0.000000, 1260.000000
165.172165, 27.749613, 25.271372, 0.000000, 0.000000, 0.000000, 0.000000, 0.000000, 0.000000, 1270.000000
166.689102, 28.320156, 25.299818, 0.000000, 0.000000, 0.000000, 0.000000, 0.000000, 0.000000, 1280.000000
168.181473, 28.892399, 25.334606, 0.000000, 0.000000, 0.000000, 0.000000, 0.000000, 0.000000, 1290.000000
169.653580, 29.465916, 25.375658, 0.000000, 0.000000, 0.000000, 0.000000, 0.000000, 0.000000, 1300.000000
171.107407, 30.040792, 25.422888, 0.000000, 0.000000, 0.000000, 0.000000, 0.000000, 0.000000, 1310.000000
172.543167, 30.617510, 25.476215, 0.000000, 0.000000, 0.000000, 0.000000, 0.000000, 0.000000, 1320.000000
173.959991, 30.510223, 25.535566, 0.000000, 0.000000, 0.000000, 0.000000, 0.000000, 0.000000, 1330.000000
175.452164, 30.406414, 25.592703, 0.000000, 0.000000, 0.000000, 0.000000, 0.000000, 0.000000, 1340.000000
177.154572, 30.305964, 25.647703, 0.000000, 0.000000, 0.000000, 0.000000, 0.000000, 0.000000, 1350.000000
179.146317, 30.208757, 25.700640, 0.000000, 0.000000, 0.000000, 0.000000, 0.000000, 0.000000, 1360.000000
181.549759, 30.114685, 25.751585, 0.000000, 0.000000, 0.000000, 0.000000, 0.000000, 0.000000, 1370.000000
184.561264, 30.023638, 25.800606, 0.000000, 0.000000, 0.000000, 0.000000, 0.000000, 0.000000, 1380.000000
188.476059, 29.935514, 25.847769, 0.000000, 0.000000, 0.000000, 0.000000, 0.000000, 0.000000, 1390.000000
193.519821, 29.850214, 25.893139, 0.000000, 0.000000, 0.000000, 0.000000, 0.000000, 0.000000, 1400.000000
199.100067, 29.767639, 25.936779, 0.000000, 0.000000, 0.000000, 0.000000, 0.000000, 0.000000, 1410.000000
203.955643, 29.687698, 25.978748, 0.000000, 0.000000, 0.000000, 0.000000, 0.000000, 0.000000, 1420.000000
207.749649, 29.610302, 26.019104, 0.000000, 0.000000, 0.000000, 0.000000, 0.000000, 0.000000, 1430.000000
210.762741, 29.535362, 26.057901, 0.000000, 0.000000, 0.000000, 0.000000, 0.000000, 0.000000, 1440.000000
213.267456, 29.462797, 26.095194, 0.000000, 0.000000, 0.000000, 0.000000, 0.000000, 0.000000, 1450.000000
215.439835, 29.392523, 26.131035, 0.000000, 0.000000, 0.000000, 0.000000, 0.000000, 0.000000, 1460.000000
217.390244, 29.324463, 26.165474, 0.000000, 0.000000, 0.000000, 0.000000, 0.000000, 0.000000, 1470.000000
219.190567, 29.258543, 26.198559, 0.000000, 0.000000, 0.000000, 0.000000, 0.000000, 0.000000, 1480.000000
220.889923, 29.194689, 26.230337, 0.000000, 0.000000, 0.000000, 0.000000, 0.000000, 0.000000, 1490.000000
222.523193, 29.132830, 26.260855, 0.000000, 0.000000, 0.000000, 0.000000, 0.000000, 0.000000, 1500.000000
224.149048, 29.072899, 26.290155, 0.000000, 0.000000, 0.000000, 0.000000, 0.000000, 0.000000, 1510.000000
225.812317, 29.014830, 26.318279, 0.000000, 0.000000, 0.000000, 0.000000, 0.000000, 0.000000, 1520.000000
227.514633, 28.958559, 26.345268, 0.000000, 0.000000, 0.000000, 0.000000, 0.000000, 0.000000, 1530.000000
229.257462, 28.904026, 26.371162, 0.000000, 0.000000, 0.000000, 0.000000, 0.000000, 0.000000, 1540.000000
231.042282, 28.851171, 26.395998, 0.000000, 0.000000, 0.000000, 0.000000, 0.000000, 0.000000, 1550.000000
232.870804, 28.799938, 26.419813, 0.000000, 0.000000, 0.000000, 0.000000, 0.000000, 0.000000, 1560.000000
