Time(s), Twind(°C), TMotCase(°C), Flat_i(N), Flat_o(N), Flat_r(N), Frad_i(N), Frad_o(N), Frad_r(N)
0.000000, 37.909584, 34.995625, 0.000000, 0.000000, 0.000000, 0.000000, 0.000000, 0.000000, 0.000000
2.545722, 37.821762, 34.989792, 0.000000, 0.000000, 0.000000, 0.000000, 0.000000, 0.000000, 15.000000
5.188962, 37.736412, 34.982582, 0.000000, 0.000000, 0.000000, 0.000000, 0.000000, 0.000000, 30.000000
7.936244, 37.653416, 34.974072, 0.000000, 0.000000, 0.000000, 0.000000, 0.000000, 0.000000, 45.000000
10.794502, 37.572662, 34.964329, 0.000000, 0.000000, 0.000000, 0.000000, 0.000000, 0.000000, 60.000000
13.773130, 37.494049, 34.953419, 0.000000, 0.000000, 0.000000, 0.000000, 0.000000, 0.000000, 75.000000
16.883942, 37.417477, 34.941406, 0.000000, 0.000000, 0.000000, 0.000000, 0.000000, 0.000000, 90.000000
20.140907, 37.342850, 34.928352, 0.000000, 0.000000, 0.000000, 0.000000, 0.000000, 0.000000, 105.000000
23.551432, 37.270081, 34.914310, 0.000000, 0.000000, 0.000000, 0.000000, 0.000000, 0.000000, 120.000000
27.049585, 37.199081, 34.899338, 0.000000, 0.000000, 0.000000, 0.000000, 0.000000, 0.000000, 135.000000
30.543411, 37.129768, 34.883488, 0.000000, 0.000000, 0.000000, 0.000000, 0.000000, 0.000000, 150.000000
33.915058, 37.062069, 34.866806, 0.000000, 0.000000, 0.000000, 0.000000, 0.000000, 0.000000, 165.000000
37.081249, 36.995907, 34.849339, 0.000000, 0.000000, 0.000000, 0.000000, 0.000000, 0.000000, 180.000000
40.021313, 36.931213, 34.831135, 0.000000, 0.000000, 0.000000, 0.000000, 0.000000, 0.000000, 195.000000
42.736660, 36.867920, 34.812233, 0.000000, 0.000000, 0.000000, 0.000000, 0.000000, 0.000000, 210.000000
45.250790, 36.805965, 34.792675, 0.000000, 0.000000, 0.000000, 0.000000, 0.000000, 0.000000, 225.000000
47.585621, 36.745289, 34.772495, 0.000000, 0.000000, 0.000000, 0.000000, 0.000000, 0.000000, 240.000000
49.765675, 36.685833, 34.751732, 0.000000, 0.000000, 0.000000, 0.000000, 0.000000, 0.000000, 255.000000
51.811596, 36.627541, 34.730419, 0.000000, 0.000000, 0.000000, 0.000000, 0.000000, 0.000000, 270.000000
53.746044, 36.570362, 34.708591, 0.000000, 0.000000, 0.000000, 0.000000, 0.000000, 0.000000, 285.000000
55.587032, 36.514252, 34.686279, 0.000000, 0.000000, 0.000000, 0.000000, 0.000000, 0.000000, 300.000000
57.352520, 36.459160, 34.663509, 0.000000, 0.000000, 0.000000, 0.000000, 0.000000, 0.000000, 315.000000
59.057144, 36.405041, 34.640312, 0.000000, 0.000000, 0.000000, 0.000000, 0.000000, 0.000000, 330.000000
60.717190, 36.351852, 34.616711, 0.000000, 0.000000, 0.000000, 0.000000, 0.000000, 0.000000, 345.000000
62.346542, 36.299557, 34.592735, 0.000000, 0.000000, 0.000000, 0.000000, 0.000000, 0.000000, 360.000000
63.956112, 36.248116, 34.568405, 0.000000, 0.000000, 0.000000, 0.000000, 0.000000, 0.000000, 375.000000
65.554543, 36.197491, 34.543747, 0.000000, 0.000000, 0.000000, 0.000000, 0.000000, 0.000000, 390.000000
67.144180, 36.147648, 34.518780, 0.000000, 0.000000, 0.000000, 0.000000, 0.000000, 0.000000, 405.000000
68.726692, 36.098557, 34.493523, 0.000000, 0.000000, 0.000000, 0.000000, 0.000000, 0.000000, 420.000000
70.304092, 36.050182, 34.467999, 0.000000, 0.000000, 0.000000, 0.000000, 0.000000, 0.000000, 435.000000
71.878601, 36.002499, 34.442226, 0.000000, 0.000000, 0.000000, 0.000000, 0.000000, 0.000000, 450.000000
73.452599, 35.955475, 34.416222, 0.000000, 0.000000, 0.000000, 0.000000, 0.000000, 0.000000, 465.000000
75.028320, 35.909084, 34.389999, 0.000000, 0.000000, 0.000000, 0.000000, 0.000000, 0.000000, 480.000000
76.607048, 35.863300, 34.363579, 0.000000, 0.000000, 0.000000, 0.000000, 0.000000, 0.000000, 495.000000
78.189926, 35.818100, 34.336971, 0.000000, 0.000000, 0.000000, 0.000000, 0.000000, 0.000000, 510.000000
79.778717, 35.773460, 34.310192, 0.000000, 0.000000, 0.000000, 0.000000, 0.000000, 0.000000, 525.000000
81.375267, 35.729359, 34.283257, 0.000000, 0.000000, 0.000000, 0.000000, 0.000000, 0.000000, 540.000000
82.981384, 35.685776, 34.256176, 0.000000, 0.000000, 0.000000, 0.000000, 0.000000, 0.000000, 555.000000
84.598763, 35.642689, 34.228966, 0.000000, 0.000000, 0.000000, 0.000000, 0.000000, 0.000000, 570.000000
86.228760, 35.600082, 34.201633, 0.000000, 0.000000, 0.000000, 0.000000, 0.000000, 0.000000, 585.000000
87.872993, 35.557934, 34.174191, 0.000000, 0.000000, 0.000000, 0.000000, 0.000000, 0.000000, 600.000000
89.534645, 35.516232, 34.146648, 0.000000, 0.000000, 0.000000, 0.000000, 0.000000, 0.000000, 615.000000
91.217575, 35.474953, 34.119019, 0.000000, 0.000000, 0.000000, 0.000000, 0.000000, 0.000000, 630.000000
92.931648, 35.434086, 34.091309, 0.000000, 0.000000, 0.000000, 0.000000, 0.000000, 0.000000, 645.000000
94.688988, 35.710629, 34.063526, 0.000000, 0.000000, 0.000000, 0.000000, 0.000000, 0.000000, 660.000000
96.484673, 36.330471, 34.041130, 0.000000, 0.000000, 0.000000, 0.000000, 0.000000, 0.000000, 675.000000
98.268387, 36.542454, 34.029900, 0.000000, 0.000000, 0.000000, 0.000000, 0.000000, 0.000000, 690.000000
100.060875, 36.466728, 34.022572, 0.000000, 0.000000, 0.000000, 0.000000, 0.000000, 0.000000, 705.000000
101.926140, 36.393066, 34.014107, 0.000000, 0.000000, 0.000000, 0.000000, 0.000000, 0.000000, 720.000000
103.864212, 37.941494, 34.004570, 0.000000, 0.000000, 0.000000, 0.000000, 0.000000, 0.000000, 735.000000
105.740791, 38.103451, 34.021870, 0.000000, 0.000000, 0.000000, 0.000000, 0.000000, 0.000000, 750.000000
107.542427, 38.742477, 34.041557, 0.000000, 0.000000, 0.000000, 0.000000, 0.000000, 0.000000, 765.000000
109.308159, 38.600800, 34.071785, 0.000000, 0.000000, 0.000000, 0.000000, 0.000000, 0.000000, 780.000000
111.034546, 38.464302, 34.098888, 0.000000, 0.000000, 0.000000, 0.000000, 0.000000, 0.000000, 795.000000
112.776817, 38.332733, 34.123028, 0.000000, 0.000000, 0.000000, 0.000000, 0.000000, 0.000000, 810.000000
114.539955, 38.205860, 34.144352, 0.000000, 0.000000, 0.000000, 0.000000, 0.000000, 0.000000, 825.000000
116.328224, 38.083450, 34.163010, 0.000000, 0.000000, 0.000000, 0.000000, 0.000000, 0.000000, 840.000000
118.134544, 38.669914, 34.179138, 0.000000, 0.000000, 0.000000, 0.000000, 0.000000, 0.000000, 855.000000
119.891281, 38.534569, 34.204983, 0.000000, 0.000000, 0.000000, 0.000000, 0.000000, 0.000000, 870.000000
121.597618, 38.404079, 34.227909, 0.000000, 0.000000, 0.000000, 0.000000, 0.000000, 0.000000, 885.000000
123.306549, 38.278214, 34.248070, 0.000000, 0.000000, 0.000000, 0.000000, 0.000000, 0.000000, 900.000000
125.014038, 38.156750, 34.265610, 0.000000, 0.000000, 0.000000, 0.000000, 0.000000, 0.000000, 915.000000
126.716095, 38.039474, 34.280663, 0.000000, 0.000000, 0.000000, 0.000000, 0.000000, 0.000000, 930.000000
128.409149, 37.926189, 34.293354, 0.000000, 0.000000, 0.000000, 0.000000, 0.000000, 0.000000, 945.000000
130.090454, 37.816700, 34.303810, 0.000000, 0.000000, 0.000000, 0.000000, 0.000000, 0.000000, 960.000000
131.759964, 37.710827, 34.312145, 0.000000, 0.000000, 0.000000, 0.000000, 0.000000, 0.000000, 975.000000
133.417908, 37.608395, 34.318470, 0.000000, 0.000000, 0.000000, 0.000000, 0.000000, 0.000000, 990.000000
135.065414, 37.509239, 34.322891, 0.000000, 0.000000, 0.000000, 0.000000, 0.000000, 0.000000, 1005.000000
136.703568, 37.413208, 34.325508, 0.000000, 0.000000, 0.000000, 0.000000, 0.000000, 0.000000, 1020.000000
138.333710, 37.320148, 34.326412, 0.000000, 0.000000, 0.000000, 0.000000, 0.000000, 0.000000, 1035.000000
139.957138, 37.229919, 34.325695, 0.000000, 0.000000, 0.000000, 0.000000, 0.000000, 0.000000, 1050.000000
141.574951, 37.142391, 34.323444, 0.000000, 0.000000, 0.000000, 0.000000, 0.000000, 0.000000, 1065.000000
143.188126, 37.057430, 34.319740, 0.000000, 0.000000, 0.000000, 0.000000, 0.000000, 0.000000, 1080.000000
144.796967, 36.974918, 34.314659, 0.000000, 0.000000, 0.000000, 0.000000, 0.000000, 0.000000, 1095.000000
146.401886, 36.894741, 34.308277, 0.000000, 0.000000, 0.000000, 0.000000, 0.000000, 0.000000, 1110.000000
148.002991, 36.816788, 34.300663, 0.000000, 0.000000, 0.000000, 0.000000, 0.000000, 0.000000, 1125.000000
149.600281, 36.740955, 34.291882, 0.000000, 0.000000, 0.000000, 0.000000, 0.000000, 0.000000, 1140.000000
151.193054, 36.667145, 34.281998, 0.000000, 0.000000, 0.000000, 0.000000, 0.000000, 0.000000, 1155.000000
152.780716, 36.595261, 34.271069, 0.000000, 0.000000, 0.000000, 0.000000, 0.000000, 0.000000, 1170.000000
154.362869, 36.525211, 34.259151, 0.000000, 0.000000, 0.000000, 0.000000, 0.000000, 0.000000, 1185.000000
155.939240, 36.456917, 34.246304, 0.000000, 0.000000, 0.000000, 0.000000, 0.000000, 0.000000, 1200.000000
157.513870, 36.390293, 34.232574, 0.000000, 0.000000, 0.000000, 0.000000, 0.000000, 0.000000, 1215.000000
159.093307, 36.325264, 34.218014, 0.000000, 0.000000, 0.000000, 0.000000, 0.000000, 0.000000, 1230.000000
160.699295, 36.261753, 34.202663, 0.000000, 0.000000, 0.000000, 0.000000, 0.000000, 0.000000, 1245.000000
162.358704, 36.199696, 34.186573, 0.000000, 0.000000, 0.000000, 0.000000, 0.000000, 0.000000, 1260.000000
164.111359, 36.139023, 34.169781, 0.000000, 0.000000, 0.000000, 0.000000, 0.000000, 0.000000, 1275.000000
166.014664, 37.719452, 34.152328, 0.000000, 0.000000, 0.000000, 0.000000, 0.000000, 0.000000, 1290.000000
167.992828, 39.260948, 34.162445, 0.000000, 0.000000, 0.000000, 0.000000, 0.000000, 0.000000, 1305.000000
169.945251, 40.782509, 34.198830, 0.000000, 0.000000, 0.000000, 0.000000, 0.000000, 0.000000, 1320.000000
171.897888, 42.341434, 34.260544, 0.000000, 0.000000, 0.000000, 0.000000, 0.000000, 0.000000, 1335.000000
173.870285, 43.945652, 34.347649, 0.000000, 0.000000, 0.000000, 0.000000, 0.000000, 0.000000, 1350.000000
175.867584, 45.615932, 34.460346, 0.000000, 0.000000, 0.000000, 0.000000, 0.000000, 0.000000, 1365.000000
177.891785, 47.351212, 34.599190, 0.000000, 0.000000, 0.000000, 0.000000, 0.000000, 0.000000, 1380.000000
179.934418, 47.367867, 34.764702, 0.000000, 0.000000, 0.000000, 0.000000, 0.000000, 0.000000, 1395.000000
182.110291, 47.313110, 34.926727, 0.000000, 0.000000, 0.000000, 0.000000, 0.000000, 0.000000, 1410.000000
184.591858, 46.939800, 35.084122, 0.000000, 0.000000, 0.000000, 0.000000, 0.000000, 0.000000, 1425.000000
187.640335, 46.582485, 35.231510, 0.000000, 0.000000, 0.000000, 0.000000, 0.000000, 0.000000, 1440.000000
191.699158, 46.240383, 35.369400, 0.000000, 0.000000, 0.000000, 0.000000, 0.000000, 0.000000, 1455.000000
197.527649, 45.912746, 35.498264, 0.000000, 0.000000, 0.000000, 0.000000, 0.000000, 0.000000, 1470.000000
204.555466, 45.598869, 35.618561, 0.000000, 0.000000, 0.000000, 0.000000, 0.000000, 0.000000, 1485.000000
210.406082, 45.298077, 35.730721, 0.000000, 0.000000, 0.000000, 0.000000, 0.000000, 0.000000, 1500.000000
214.820297, 45.009731, 35.835155, 0.000000, 0.000000, 0.000000, 0.000000, 0.000000, 0.000000, 1515.000000
218.223419, 44.733223, 35.932251, 0.000000, 0.000000, 0.000000, 0.000000, 0.000000, 0.000000, 1530.000000
221.119247, 44.467972, 36.022381, 0.000000, 0.000000, 0.000000, 0.000000, 0.000000, 0.000000, 1545.000000
223.720200, 44.213432, 36.105900, 0.000000, 0.000000, 0.000000, 0.000000, 0.000000, 0.000000, 1560.000000
226.167206, 43.969082, 36.183140, 0.000000, 0.000000, 0.000000, 0.000000, 0.000000, 0.000000, 1575.000000
228.545197, 43.734425, 36.254417, 0.000000, 0.000000, 0.000000, 0.000000, 0.000000, 0.000000, 1590.000000
228.545197, 43.508987, 36.320038, 0.000000, 0.000000, 0.000000, 0.000000, 0.000000, 0.000000, 1605.000000
230.897644, 43.292324, 36.380287, 0.000000, 0.000000, 0.000000, 0.000000, 0.000000, 0.000000, 1620.000000
233.266113, 43.084003, 36.435440, 0.000000, 0.000000, 0.000000, 0.000000, 0.000000, 0.000000, 1635.000000
235.665359, 42.883625, 36.485756, 0.000000, 0.000000, 0.000000, 0.000000, 0.000000, 0.000000, 1650.000000
