Time(s), Twind(°C), TMotCase(°C), Flat_i(N), Flat_o(N), Flat_r(N), Frad_i(N), Frad_o(N), Frad_r(N)
0.000000, 25.000000, 25.000000, 0.000000, 0.000000, 0.000000, 0.000000, 0.000000, 0.000000, 0.000000
1.604739, 25.000000, 25.000000, 0.000000, 0.000000, 0.000000, 0.000000, 0.000000, 0.000000, 10.000000
3.245472, 25.000000, 25.000000, 0.000000, 0.000000, 0.000000, 0.000000, 0.000000, 0.000000, 20.000000
4.923580, 25.000000, 25.000000, 0.000000, 0.000000, 0.000000, 0.000000, 0.000000, 0.000000, 30.000000
6.640272, 25.000000, 25.000000, 0.000000, 0.000000, 0.000000, 0.000000, 0.000000, 0.000000, 40.000000
8.396809, 25.000000, 25.000000, 0.000000, 0.000000, 0.000000, 0.000000, 0.000000, 0.000000, 50.000000
10.194802, 25.000000, 25.000000, 0.000000, 0.000000, 0.000000, 0.000000, 0.000000, 0.000000, 60.000000
12.036533, 25.000000, 25.000000, 0.000000, 0.000000, 0.000000, 0.000000, 0.000000, 0.000000, 70.000000
13.925222, 25.000000, 25.000000, 0.000000, 0.000000, 0.000000, 0.000000, 0.000000, 0.000000, 80.000000
15.865032, 25.000000, 25.000000, 0.000000, 0.000000, 0.000000, 0.000000, 0.000000, 0.000000, 90.000000
17.858919, 25.000000, 25.000000, 0.000000, 0.000000, 0.000000, 0.000000, 0.000000, 0.000000, 100.000000
19.904373, 25.000000, 25.000000, 0.000000, 0.000000, 0.000000, 0.000000, 0.000000, 0.000000, 110.000000
21.990431, 25.000000, 25.000000, 0.000000, 0.000000, 0.000000, 0.000000, 0.000000, 0.000000, 120.000000
24.097902, 25.000000, 25.000000, 0.000000, 0.000000, 0.000000, 0.000000, 0.000000, 0.000000, 130.000000
26.201128, 25.000000, 25.000000, 0.000000, 0.000000, 0.000000, 0.000000, 0.000000, 0.000000, 140.000000
28.272545, 25.000000, 25.000000, 0.000000, 0.000000, 0.000000, 0.000000, 0.000000, 0.000000, 150.000000
30.288929, 25.000000, 25.000000, 0.000000, 0.000000, 0.000000, 0.000000, 0.000000, 0.000000, 160.000000
32.234367, 25.000000, 25.000000, 0.000000, 0.000000, 0.000000, 0.000000, 0.000000, 0.000000, 170.000000
34.100479, 25.000000, 25.000000, 0.000000, 0.000000, 0.000000, 0.000000, 0.000000, 0.000000, 180.000000
35.885021, 25.000000, 25.000000, 0.000000, 0.000000, 0.000000, 0.000000, 0.000000, 0.000000, 190.000000
37.589798, 25.000000, 25.000000, 0.000000, 0.000000, 0.000000, 0.000000, 0.000000, 0.000000, 200.000000
39.218555, 25.000000, 25.000000, 0.000000, 0.000000, 0.000000, 0.000000, 0.000000, 0.000000, 210.000000
40.775730, 25.000000, 25.000000, 0.000000, 0.000000, 0.000000, 0.000000, 0.000000, 0.000000, 220.000000
42.266094, 25.000000, 25.000000, 0.000000, 0.000000, 0.000000, 0.000000, 0.000000, 0.000000, 230.000000
43.694691, 25.000000, 25.000000, 0.000000, 0.000000, 0.000000, 0.000000, 0.000000, 0.000000, 240.000000
45.066669, 25.000000, 25.000000, 0.000000, 0.000000, 0.000000, 0.000000, 0.000000, 0.000000, 250.000000
46.387218, 25.000000, 25.000000, 0.000000, 0.000000, 0.000000, 0.000000, 0.000000, 0.000000, 260.000000
47.661533, 25.000000, 25.000000, 0.000000, 0.000000, 0.000000, 0.000000, 0.000000, 0.000000, 270.000000
48.894669, 25.000000, 25.000000, 0.000000, 0.000000, 0.000000, 0.000000, 0.000000, 0.000000, 280.000000
50.091312, 25.000000, 25.000000, 0.000000, 0.000000, 0.000000, 0.000000, 0.000000, 0.000000, 290.000000
51.255806, 25.000000, 25.000000, 0.000000, 0.000000, 0.000000, 0.000000, 0.000000, 0.000000, 300.000000
52.392334, 25.000000, 25.000000, 0.000000, 0.000000, 0.000000, 0.000000, 0.000000, 0.000000, 310.000000
53.505112, 25.000000, 25.000000, 0.000000, 0.000000, 0.000000, 0.000000, 0.000000, 0.000000, 320.000000
54.598427, 25.000000, 25.000000, 0.000000, 0.000000, 0.000000, 0.000000, 0.000000, 0.000000, 330.000000
55.676495, 25.000000, 25.000000, 0.000000, 0.000000, 0.000000, 0.000000, 0.000000, 0.000000, 340.000000
56.743214, 25.000000, 25.000000, 0.000000, 0.000000, 0.000000, 0.000000, 0.000000, 0.000000, 350.000000
57.801891, 25.000000, 25.000000, 0.000000, 0.000000, 0.000000, 0.000000, 0.000000, 0.000000, 360.000000
58.855057, 25.000000, 25.000000, 0.000000, 0.000000, 0.000000, 0.000000, 0.000000, 0.000000, 370.000000
59.904324, 25.000000, 25.000000, 0.000000, 0.000000, 0.000000, 0.000000, 0.000000, 0.000000, 380.000000
60.950481, 25.000000, 25.000000, 0.000000, 0.000000, 0.000000, 0.000000, 0.000000, 0.000000, 390.000000
61.993755, 25.000000, 25.000000, 0.000000, 0.000000, 0.000000, 0.000000, 0.000000, 0.000000, 400.000000
63.034351, 25.000000, 25.000000, 0.000000, 0.000000, 0.000000, 0.000000, 0.000000, 0.000000, 410.000000
64.072655, 25.000000, 25.000000, 0.000000, 0.000000, 0.000000, 0.000000, 0.000000, 0.000000, 420.000000
65.109299, 25.000000, 25.000000, 0.000000, 0.000000, 0.000000, 0.000000, 0.000000, 0.000000, 430.000000
66.144966, 25.000000, 25.000000, 0.000000, 0.000000, 0.000000, 0.000000, 0.000000, 0.000000, 440.000000
67.180183, 25.000000, 25.000000, 0.000000, 0.000000, 0.000000, 0.000000, 0.000000, 0.000000, 450.000000
68.216087, 25.000000, 25.000000, 0.000000, 0.000000, 0.000000, 0.000000, 0.000000, 0.000000, 460.000000
69.252853, 25.000000, 25.000000, 0.000000, 0.000000, 0.000000, 0.000000, 0.000000, 0.000000, 470.000000
70.290901, 25.000000, 25.000000, 0.000000, 0.000000, 0.000000, 0.000000, 0.000000, 0.000000, 480.000000
71.330536, 25.000000, 25.000000, 0.000000, 0.000000, 0.000000, 0.000000, 0.000000, 0.000000, 490.000000
72.372078, 25.000000, 25.000000, 0.000000, 0.000000, 0.000000, 0.000000, 0.000000, 0.000000, 500.000000
73.415993, 25.000000, 25.000000, 0.000000, 0.000000, 0.000000, 0.000000, 0.000000, 0.000000, 510.000000
74.462814, 25.000000, 25.000000, 0.000000, 0.000000, 0.000000, 0.000000, 0.000000, 0.000000, 520.000000
75.513092, 25.000000, 25.000000, 0.000000, 0.000000, 0.000000, 0.000000, 0.000000, 0.000000, 530.000000
76.567413, 25.000000, 25.000000, 0.000000, 0.000000, 0.000000, 0.000000, 0.000000, 0.000000, 540.000000
77.626221, 25.000000, 25.000000, 0.000000, 0.000000, 0.000000, 0.000000, 0.000000, 0.000000, 550.000000
78.689934, 25.000000, 25.000000, 0.000000, 0.000000, 0.000000, 0.000000, 0.000000, 0.000000, 560.000000
79.758865, 25.000000, 25.000000, 0.000000, 0.000000, 0.000000, 0.000000, 0.000000, 0.000000, 570.000000
80.833435, 25.000000, 25.000000, 0.000000, 0.000000, 0.000000, 0.000000, 0.000000, 0.000000, 580.000000
81.914246, 25.000000, 25.000000, 0.000000, 0.000000, 0.000000, 0.000000, 0.000000, 0.000000, 590.000000
83.002075, 25.000000, 25.000000, 0.000000, 0.000000, 0.000000, 0.000000, 0.000000, 0.000000, 600.000000
84.097946, 25.000000, 25.000000, 0.000000, 0.000000, 0.000000, 0.000000, 0.000000, 0.000000, 610.000000
85.203262, 25.000000, 25.000000, 0.000000, 0.000000, 0.000000, 0.000000, 0.000000, 0.000000, 620.000000
86.320282, 25.000000, 25.000000, 0.000000, 0.000000, 0.000000, 0.000000, 0.000000, 0.000000, 630.000000
87.452499, 25.000000, 25.000000, 0.000000, 0.000000, 0.000000, 0.000000, 0.000000, 0.000000, 640.000000
88.604279, 25.000000, 25.000000, 0.000000, 0.000000, 0.000000, 0.000000, 0.000000, 0.000000, 650.000000
89.779961, 25.000000, 25.000000, 0.000000, 0.000000, 0.000000, 0.000000, 0.000000, 0.000000, 660.000000
90.983238, 25.000000, 25.000000, 0.000000, 0.000000, 0.000000, 0.000000, 0.000000, 0.000000, 670.000000
92.216850, 25.000000, 25.000000, 0.000000, 0.000000, 0.000000, 0.000000, 0.000000, 0.000000, 680.000000
93.482536, 25.000000, 25.000000, 0.000000, 0.000000, 0.000000, 0.000000, 0.000000, 0.000000, 690.000000
94.781166, 25.432926, 25.000000, 0.000000, 0.000000, 0.000000, 0.000000, 0.000000, 0.000000, 700.000000
96.065788, 25.423893, 25.005154, 0.000000, 0.000000, 0.000000, 0.000000, 0.000000, 0.000000, 710.000000
97.336525, 25.415155, 25.010118, 0.000000, 0.000000, 0.000000, 0.000000, 0.000000, 0.000000, 720.000000
98.638344, 25.406704, 25.014900, 0.000000, 0.000000, 0.000000, 0.000000, 0.000000, 0.000000, 730.000000
99.969353, 25.398527, 25.019506, 0.000000, 0.000000, 0.000000, 0.000000, 0.000000, 0.000000, 740.000000
101.325127, 25.390617, 25.023943, 0.000000, 0.000000, 0.000000, 0.000000, 0.000000, 0.000000, 750.000000
102.698914, 25.382965, 25.028215, 0.000000, 0.000000, 0.000000, 0.000000, 0.000000, 0.000000, 760.000000
104.083290, 25.375563, 25.032328, 0.000000, 0.000000, 0.000000, 0.000000, 0.000000, 0.000000, 770.000000
105.472260, 25.368401, 25.036287, 0.000000, 0.000000, 0.000000, 0.000000, 0.000000, 0.000000, 780.000000
106.862541, 25.361469, 25.040100, 0.000000, 0.000000, 0.000000, 0.000000, 0.000000, 0.000000, 790.000000
108.253754, 25.354763, 25.043770, 0.000000, 0.000000, 0.000000, 0.000000, 0.000000, 0.000000, 800.000000
109.647240, 25.348274, 25.047302, 0.000000, 0.000000, 0.000000, 0.000000, 0.000000, 0.000000, 810.000000
111.044769, 25.341993, 25.050701, 0.000000, 0.000000, 0.000000, 0.000000, 0.000000, 0.000000, 820.000000
112.447128, 25.335915, 25.053972, 0.000000, 0.000000, 0.000000, 0.000000, 0.000000, 0.000000, 830.000000
113.853065, 25.330030, 25.057119, 0.000000, 0.000000, 0.000000, 0.000000, 0.000000, 0.000000, 840.000000
115.259933, 25.324335, 25.060146, 0.000000, 0.000000, 0.000000, 0.000000, 0.000000, 0.000000, 850.000000
116.665146, 25.318823, 25.063057, 0.000000, 0.000000, 0.000000, 0.000000, 0.000000, 0.000000, 860.000000
118.067558, 25.313486, 25.065857, 0.000000, 0.000000, 0.000000, 0.000000, 0.000000, 0.000000, 870.000000
119.466934, 25.308319, 25.068550, 0.000000, 0.000000, 0.000000, 0.000000, 0.000000, 0.000000, 880.000000
120.862854, 25.303316, 25.071138, 0.000000, 0.000000, 0.000000, 0.000000, 0.000000, 0.000000, 890.000000
122.254250, 25.298471, 25.073626, 0.000000, 0.000000, 0.000000, 0.000000, 0.000000, 0.000000, 900.000000
123.639397, 25.293779, 25.076017, 0.000000, 0.000000, 0.000000, 0.000000, 0.000000, 0.000000, 910.000000
125.016243, 25.289236, 25.078316, 0.000000, 0.000000, 0.000000, 0.000000, 0.000000, 0.000000, 920.000000
126.382950, 25.284834, 25.080523, 0.000000, 0.000000, 0.000000, 0.000000, 0.000000, 0.000000, 930.000000
127.738297, 25.280571, 25.082642, 0.000000, 0.000000, 0.000000, 0.000000, 0.000000, 0.000000, 940.000000
129.081741, 25.276442, 25.084677, 0.000000, 0.000000, 0.000000, 0.000000, 0.000000, 0.000000, 950.000000
130.413315, 25.272440, 25.086632, 0.000000, 0.000000, 0.000000, 0.000000, 0.000000, 0.000000, 960.000000
131.733414, 25.268562, 25.088509, 0.000000, 0.000000, 0.000000, 0.000000, 0.000000, 0.000000, 970.000000
133.042633, 25.264805, 25.090309, 0.000000, 0.000000, 0.000000, 0.000000, 0.000000, 0.000000, 980.000000
134.341644, 25.261164, 25.092037, 0.000000, 0.000000, 0.000000, 0.000000, 0.000000, 0.000000, 990.000000
135.631165, 25.257635, 25.093693, 0.000000, 0.000000, 0.000000, 0.000000, 0.000000, 0.000000, 1000.000000
136.911926, 25.254213, 25.095282, 0.000000, 0.000000, 0.000000, 0.000000, 0.000000, 0.000000, 1010.000000
138.184677, 25.250896, 25.096804, 0.000000, 0.000000, 0.000000, 0.000000, 0.000000, 0.000000, 1020.000000
139.450195, 25.247681, 25.098263, 0.000000, 0.000000, 0.000000, 0.000000, 0.000000, 0.000000, 1030.000000
140.709183, 25.244562, 25.099661, 0.000000, 0.000000, 0.000000, 0.000000, 0.000000, 0.000000, 1040.000000
141.962250, 25.241539, 25.101000, 0.000000, 0.000000, 0.000000, 0.000000, 0.000000, 0.000000, 1050.000000
143.209854, 25.238605, 25.102282, 0.000000, 0.000000, 0.000000, 0.000000, 0.000000, 0.000000, 1060.000000
144.452377, 25.235762, 25.103508, 0.000000, 0.000000, 0.000000, 0.000000, 0.000000, 0.000000, 1070.000000
145.690002, 25.233002, 25.104681, 0.000000, 0.000000, 0.000000, 0.000000, 0.000000, 0.000000, 1080.000000
146.922943, 25.230324, 25.105803, 0.000000, 0.000000, 0.000000, 0.000000, 0.000000, 0.000000, 1090.000000
148.151306, 25.227726, 25.106874, 0.000000, 0.000000, 0.000000, 0.000000, 0.000000, 0.000000, 1100.000000
149.375153, 25.225204, 25.107899, 0.000000, 0.000000, 0.000000, 0.000000, 0.000000, 0.000000, 1110.000000
150.594467, 25.222757, 25.108877, 0.000000, 0.000000, 0.000000, 0.000000, 0.000000, 0.000000, 1120.000000
151.809082, 25.220381, 25.109812, 0.000000, 0.000000, 0.000000, 0.000000, 0.000000, 0.000000, 1130.000000
153.018784, 25.218073, 25.110703, 0.000000, 0.000000, 0.000000, 0.000000, 0.000000, 0.000000, 1140.000000
154.223175, 25.215832, 25.111551, 0.000000, 0.000000, 0.000000, 0.000000, 0.000000, 0.000000, 1150.000000
155.421982, 25.213655, 25.112360, 0.000000, 0.000000, 0.000000, 0.000000, 0.000000, 0.000000, 1160.000000
156.614914, 25.211542, 25.113131, 0.000000, 0.000000, 0.000000, 0.000000, 0.000000, 0.000000, 1170.000000
157.801910, 25.209488, 25.113863, 0.000000, 0.000000, 0.000000, 0.000000, 0.000000, 0.000000, 1180.000000
158.983047, 25.207493, 25.114559, 0.000000, 0.000000, 0.000000, 0.000000, 0.000000, 0.000000, 1190.000000
160.159241, 25.205553, 25.115221, 0.000000, 0.000000, 0.000000, 0.000000, 0.000000, 0.000000, 1200.000000
161.332962, 25.203669, 25.115850, 0.000000, 0.000000, 0.000000, 0.000000, 0.000000, 0.000000, 1210.000000
162.508957, 25.201836, 25.116447, 0.000000, 0.000000, 0.000000, 0.000000, 0.000000, 0.000000, 1220.000000
163.695007, 25.200054, 25.117012, 0.000000, 0.000000, 0.000000, 0.000000, 0.000000, 0.000000, 1230.000000
164.901779, 25.774729, 25.117548, 0.000000, 0.000000, 0.000000, 0.000000, 0.000000, 0.000000, 1240.000000
166.094070, 26.368011, 25.124914, 0.000000, 0.000000, 0.000000, 0.000000, 0.000000, 0.000000, 1250.000000
167.239502, 26.975210, 25.139227, 0.000000, 0.000000, 0.000000, 0.000000, 0.000000, 0.000000, 1260.000000
168.351349, 27.592274, 25.160542, 0.000000, 0.000000, 0.000000, 0.000000, 0.000000, 0.000000, 1270.000000
169.439346, 28.215757, 25.188864, 0.000000, 0.000000, 0.000000, 0.000000, 0.000000, 0.000000, 1280.000000
170.510773, 28.668816, 25.224161, 0.000000, 0.000000, 0.000000, 0.000000, 0.000000, 0.000000, 1290.000000
171.579987, 29.287491, 25.264294, 0.000000, 0.000000, 0.000000, 0.000000, 0.000000, 0.000000, 1300.000000
172.651489, 29.836018, 25.311157, 0.000000, 0.000000, 0.000000, 0.000000, 0.000000, 0.000000, 1310.000000
173.723404, 30.446568, 25.363810, 0.000000, 0.000000, 0.000000, 0.000000, 0.000000, 0.000000, 1320.000000
174.798843, 31.052042, 25.422899, 0.000000, 0.000000, 0.000000, 0.000000, 0.000000, 0.000000, 1330.000000
175.877319, 31.651262, 25.488262, 0.000000, 0.000000, 0.000000, 0.000000, 0.000000, 0.000000, 1340.000000
176.960510, 32.243568, 25.559727, 0.000000, 0.000000, 0.000000, 0.000000, 0.000000, 0.000000, 1350.000000
178.049286, 32.828823, 25.637114, 0.000000, 0.000000, 0.000000, 0.000000, 0.000000, 0.000000, 1360.000000
179.143753, 32.678749, 25.720245, 0.000000, 0.000000, 0.000000, 0.000000, 0.000000, 0.000000, 1370.000000
180.284119, 32.533543, 25.800280, 0.000000, 0.000000, 0.000000, 0.000000, 0.000000, 0.000000, 1380.000000
181.525131, 32.393036, 25.877323, 0.000000, 0.000000, 0.000000, 0.000000, 0.000000, 0.000000, 1390.000000
182.895142, 32.257069, 25.951479, 0.000000, 0.000000, 0.000000, 0.000000, 0.000000, 0.000000, 1400.000000
184.436050, 32.125488, 26.022846, 0.000000, 0.000000, 0.000000, 0.000000, 0.000000, 0.000000, 1410.000000
186.210739, 31.998142, 26.091522, 0.000000, 0.000000, 0.000000, 0.000000, 0.000000, 0.000000, 1420.000000
188.315872, 31.874886, 26.157598, 0.000000, 0.000000, 0.000000, 0.000000, 0.000000, 0.000000, 1430.000000
190.908310, 31.755581, 26.221165, 0.000000, 0.000000, 0.000000, 0.000000, 0.000000, 0.000000, 1440.000000
194.256027, 31.640091, 26.282309, 0.000000, 0.000000, 0.000000, 0.000000, 0.000000, 0.000000, 1450.000000
198.778656, 31.528288, 26.341112, 0.000000, 0.000000, 0.000000, 0.000000, 0.000000, 0.000000, 1460.000000
204.653015, 31.420044, 26.397657, 0.000000, 0.000000, 0.000000, 0.000000, 0.000000, 0.000000, 1470.000000
210.597687, 31.315239, 26.452023, 0.000000, 0.000000, 0.000000, 0.000000, 0.000000, 0.000000, 1480.000000
215.265015, 31.213757, 26.504282, 0.000000, 0.000000, 0.000000, 0.000000, 0.000000, 0.000000, 1490.000000
218.789261, 31.115482, 26.554510, 0.000000, 0.000000, 0.000000, 0.000000, 0.000000, 0.000000, 1500.000000
221.593704, 31.020306, 26.602776, 0.000000, 0.000000, 0.000000, 0.000000, 0.000000, 0.000000, 1510.000000
223.953125, 30.928123, 26.649147, 0.000000, 0.000000, 0.000000, 0.000000, 0.000000, 0.000000, 1520.000000
226.028076, 30.838833, 26.693689, 0.000000, 0.000000, 0.000000, 0.000000, 0.000000, 0.000000, 1530.000000
227.916504, 30.752335, 26.736467, 0.000000, 0.000000, 0.000000, 0.000000, 0.000000, 0.000000, 1540.000000
229.681885, 30.668533, 26.777540, 0.000000, 0.000000, 0.000000, 0.000000, 0.000000, 0.000000, 1550.000000
231.367538, 30.587337, 26.816967, 0.000000, 0.000000, 0.000000, 0.000000, 0.000000, 0.000000, 1560.000000
233.003708, 30.508659, 26.854805, 0.000000, 0.000000, 0.000000, 0.000000, 0.000000, 0.000000, 1570.000000
234.611267, 30.432413, 26.891111, 0.000000, 0.000000, 0.000000, 0.000000, 0.000000, 0.000000, 1580.000000
236.204346, 30.358515, 26.925936, 0.000000, 0.000000, 0.000000, 0.000000, 0.000000, 0.000000, 1590.000000
237.792267, 30.286886, 26.959332, 0.000000, 0.000000, 0.000000, 0.000000, 0.000000, 0.000000, 1600.000000
239.380997, 30.217449, 26.991348, 0.000000, 0.000000, 0.000000, 0.000000, 0.000000, 0.000000, 1610.000000
240.974579, 30.150129, 27.022034, 0.000000, 0.000000, 0.000000, 0.000000, 0.000000, 0.000000, 1620.000000
242.577530, 30.084854, 27.051434, 0.000000, 0.000000, 0.000000, 0.000000, 0.000000, 0.000000, 1630.000000
244.194885, 30.021555, 27.079592, 0.000000, 0.000000, 0.000000, 0.000000, 0.000000, 0.000000, 1640.000000
245.825607, 29.960163, 27.106552, 0.000000, 0.000000, 0.000000, 0.000000, 0.000000, 0.000000, 1650.000000
