Time(s), Twind(°C), TMotCase(°C), Flat_i(N), Flat_o(N), Flat_r(N), Frad_i(N), Frad_o(N), Frad_r(N)
0.000000, 25.000000, 25.000000, 0.000000, 0.000000, 0.000000, 0.000000, 0.000000, 0.000000, 0.000000
1.631107, 25.000000, 25.000000, 0.000000, 0.000000, 0.000000, 0.000000, 0.000000, 0.000000, 10.000000
3.299846, 25.000000, 25.000000, 0.000000, 0.000000, 0.000000, 0.000000, 0.000000, 0.000000, 20.000000
5.007724, 25.000000, 25.000000, 0.000000, 0.000000, 0.000000, 0.000000, 0.000000, 0.000000, 30.000000
6.756087, 25.000000, 25.000000, 0.000000, 0.000000, 0.000000, 0.000000, 0.000000, 0.000000, 40.000000
8.546324, 25.000000, 25.000000, 0.000000, 0.000000, 0.000000, 0.000000, 0.000000, 0.000000, 50.000000
10.380197, 25.000000, 25.000000, 0.000000, 0.000000, 0.000000, 0.000000, 0.000000, 0.000000, 60.000000
12.260156, 25.000000, 25.000000, 0.000000, 0.000000, 0.000000, 0.000000, 0.000000, 0.000000, 70.000000
14.189617, 25.000000, 25.000000, 0.000000, 0.000000, 0.000000, 0.000000, 0.000000, 0.000000, 80.000000
16.172997, 25.000000, 25.000000, 0.000000, 0.000000, 0.000000, 0.000000, 0.000000, 0.000000, 90.000000
18.213421, 25.000000, 25.000000, 0.000000, 0.000000, 0.000000, 0.000000, 0.000000, 0.000000, 100.000000
20.308147, 25.000000, 25.000000, 0.000000, 0.000000, 0.000000, 0.000000, 0.000000, 0.000000, 110.000000
22.445333, 25.000000, 25.000000, 0.000000, 0.000000, 0.000000, 0.000000, 0.000000, 0.000000, 120.000000
24.604290, 25.000000, 25.000000, 0.000000, 0.000000, 0.000000, 0.000000, 0.000000, 0.000000, 130.000000
26.757423, 25.000000, 25.000000, 0.000000, 0.000000, 0.000000, 0.000000, 0.000000, 0.000000, 140.000000
28.875517, 25.000000, 25.000000, 0.000000, 0.000000, 0.000000, 0.000000, 0.000000, 0.000000, 150.000000
30.934147, 25.000000, 25.000000, 0.000000, 0.000000, 0.000000, 0.000000, 0.000000, 0.000000, 160.000000
32.916916, 25.000000, 25.000000, 0.000000, 0.000000, 0.000000, 0.000000, 0.000000, 0.000000, 170.000000
34.815506, 25.000000, 25.000000, 0.000000, 0.000000, 0.000000, 0.000000, 0.000000, 0.000000, 180.000000
36.628094, 25.000000, 25.000000, 0.000000, 0.000000, 0.000000, 0.000000, 0.000000, 0.000000, 190.000000
38.357033, 25.000000, 25.000000, 0.000000, 0.000000, 0.000000, 0.000000, 0.000000, 0.000000, 200.000000
40.006622, 25.000000, 25.000000, 0.000000, 0.000000, 0.000000, 0.000000, 0.000000, 0.000000, 210.000000
41.581802, 25.000000, 25.000000, 0.000000, 0.000000, 0.000000, 0.000000, 0.000000, 0.000000, 220.000000
43.087772, 25.000000, 25.000000, 0.000000, 0.000000, 0.000000, 0.000000, 0.000000, 0.000000, 230.000000
44.529953, 25.000000, 25.000000, 0.000000, 0.000000, 0.000000, 0.000000, 0.000000, 0.000000, 240.000000
45.913815, 25.000000, 25.000000, 0.000000, 0.000000, 0.000000, 0.000000, 0.000000, 0.000000, 250.000000
47.244816, 25.000000, 25.000000, 0.000000, 0.000000, 0.000000, 0.000000, 0.000000, 0.000000, 260.000000
48.528393, 25.000000, 25.000000, 0.000000, 0.000000, 0.000000, 0.000000, 0.000000, 0.000000, 270.000000
49.769802, 25.000000, 25.000000, 0.000000, 0.000000, 0.000000, 0.000000, 0.000000, 0.000000, 280.000000
50.973907, 25.000000, 25.000000, 0.000000, 0.000000, 0.000000, 0.000000, 0.000000, 0.000000, 290.000000
52.145191, 25.000000, 25.000000, 0.000000, 0.000000, 0.000000, 0.000000, 0.000000, 0.000000, 300.000000
53.287952, 25.000000, 25.000000, 0.000000, 0.000000, 0.000000, 0.000000, 0.000000, 0.000000, 310.000000
54.406490, 25.000000, 25.000000, 0.000000, 0.000000, 0.000000, 0.000000, 0.000000, 0.000000, 320.000000
55.505180, 25.000000, 25.000000, 0.000000, 0.000000, 0.000000, 0.000000, 0.000000, 0.000000, 330.000000
56.588295, 25.000000, 25.000000, 0.000000, 0.000000, 0.000000, 0.000000, 0.000000, 0.000000, 340.000000
57.659756, 25.000000, 25.000000, 0.000000, 0.000000, 0.000000, 0.000000, 0.000000, 0.000000, 350.000000
58.722912, 25.000000, 25.000000, 0.000000, 0.000000, 0.000000, 0.000000, 0.000000, 0.000000, 360.000000
59.780357, 25.000000, 25.000000, 0.000000, 0.000000, 0.000000, 0.000000, 0.000000, 0.000000, 370.000000
60.833698, 25.000000, 25.000000, 0.000000, 0.000000, 0.000000, 0.000000, 0.000000, 0.000000, 380.000000
61.883755, 25.000000, 25.000000, 0.000000, 0.000000, 0.000000, 0.000000, 0.000000, 0.000000, 390.000000
62.930786, 25.000000, 25.000000, 0.000000, 0.000000, 0.000000, 0.000000, 0.000000, 0.000000, 400.000000
63.975044, 25.000000, 25.000000, 0.000000, 0.000000, 0.000000, 0.000000, 0.000000, 0.000000, 410.000000
65.016922, 25.000000, 25.000000, 0.000000, 0.000000, 0.000000, 0.000000, 0.000000, 0.000000, 420.000000
66.057076, 25.000000, 25.000000, 0.000000, 0.000000, 0.000000, 0.000000, 0.000000, 0.000000, 430.000000
67.096107, 25.000000, 25.000000, 0.000000, 0.000000, 0.000000, 0.000000, 0.000000, 0.000000, 440.000000
68.134850, 25.000000, 25.000000, 0.000000, 0.000000, 0.000000, 0.000000, 0.000000, 0.000000, 450.000000
69.174034, 25.000000, 25.000000, 0.000000, 0.000000, 0.000000, 0.000000, 0.000000, 0.000000, 460.000000
70.214119, 25.000000, 25.000000, 0.000000, 0.000000, 0.000000, 0.000000, 0.000000, 0.000000, 470.000000
71.255516, 25.000000, 25.000000, 0.000000, 0.000000, 0.000000, 0.000000, 0.000000, 0.000000, 480.000000
72.298393, 25.000000, 25.000000, 0.000000, 0.000000, 0.000000, 0.000000, 0.000000, 0.000000, 490.000000
73.343208, 25.000000, 25.000000, 0.000000, 0.000000, 0.000000, 0.000000, 0.000000, 0.000000, 500.000000
74.390350, 25.000000, 25.000000, 0.000000, 0.000000, 0.000000, 0.000000, 0.000000, 0.000000, 510.000000
75.440399, 25.000000, 25.000000, 0.000000, 0.000000, 0.000000, 0.000000, 0.000000, 0.000000, 520.000000
76.493927, 25.000000, 25.000000, 0.000000, 0.000000, 0.000000, 0.000000, 0.000000, 0.000000, 530.000000
77.551506, 25.000000, 25.000000, 0.000000, 0.000000, 0.000000, 0.000000, 0.000000, 0.000000, 540.000000
78.613594, 25.000000, 25.000000, 0.000000, 0.000000, 0.000000, 0.000000, 0.000000, 0.000000, 550.000000
79.680580, 25.000000, 25.000000, 0.000000, 0.000000, 0.000000, 0.000000, 0.000000, 0.000000, 560.000000
80.752823, 25.000000, 25.000000, 0.000000, 0.000000, 0.000000, 0.000000, 0.000000, 0.000000, 570.000000
81.830727, 25.000000, 25.000000, 0.000000, 0.000000, 0.000000, 0.000000, 0.000000, 0.000000, 580.000000
82.914894, 25.000000, 25.000000, 0.000000, 0.000000, 0.000000, 0.000000, 0.000000, 0.000000, 590.000000
84.006142, 25.000000, 25.000000, 0.000000, 0.000000, 0.000000, 0.000000, 0.000000, 0.000000, 600.000000
85.105469, 25.000000, 25.000000, 0.000000, 0.000000, 0.000000, 0.000000, 0.000000, 0.000000, 610.000000
86.214302, 25.000000, 25.000000, 0.000000, 0.000000, 0.000000, 0.000000, 0.000000, 0.000000, 620.000000
87.334908, 25.000000, 25.000000, 0.000000, 0.000000, 0.000000, 0.000000, 0.000000, 0.000000, 630.000000
88.470795, 25.000000, 25.000000, 0.000000, 0.000000, 0.000000, 0.000000, 0.000000, 0.000000, 640.000000
89.626343, 25.000000, 25.000000, 0.000000, 0.000000, 0.000000, 0.000000, 0.000000, 0.000000, 650.000000
90.805901, 25.000000, 25.000000, 0.000000, 0.000000, 0.000000, 0.000000, 0.000000, 0.000000, 660.000000
92.013161, 25.000000, 25.000000, 0.000000, 0.000000, 0.000000, 0.000000, 0.000000, 0.000000, 670.000000
93.250854, 25.000000, 25.000000, 0.000000, 0.000000, 0.000000, 0.000000, 0.000000, 0.000000, 680.000000
94.520729, 25.000000, 25.000000, 0.000000, 0.000000, 0.000000, 0.000000, 0.000000, 0.000000, 690.000000
95.823647, 25.000000, 25.000000, 0.000000, 0.000000, 0.000000, 0.000000, 0.000000, 0.000000, 700.000000
97.159782, 25.000000, 25.000000, 0.000000, 0.000000, 0.000000, 0.000000, 0.000000, 0.000000, 710.000000
98.528847, 25.000000, 25.000000, 0.000000, 0.000000, 0.000000, 0.000000, 0.000000, 0.000000, 720.000000
99.930054, 25.000000, 25.000000, 0.000000, 0.000000, 0.000000, 0.000000, 0.000000, 0.000000, 730.000000
101.361092, 25.000000, 25.000000, 0.000000, 0.000000, 0.000000, 0.000000, 0.000000, 0.000000, 740.000000
102.816902, 25.000000, 25.000000, 0.000000, 0.000000, 0.000000, 0.000000, 0.000000, 0.000000, 750.000000
104.289955, 25.000000, 25.000000, 0.000000, 0.000000, 0.000000, 0.000000, 0.000000, 0.000000, 760.000000
105.772011, 25.000000, 25.000000, 0.000000, 0.000000, 0.000000, 0.000000, 0.000000, 0.000000, 770.000000
107.256325, 25.000000, 25.000000, 0.000000, 0.000000, 0.000000, 0.000000, 0.000000, 0.000000, 780.000000
108.739349, 25.000000, 25.000000, 0.000000, 0.000000, 0.000000, 0.000000, 0.000000, 0.000000, 790.000000
110.220314, 25.000000, 25.000000, 0.000000, 0.000000, 0.000000, 0.000000, 0.000000, 0.000000, 800.000000
111.700470, 25.000000, 25.000000, 0.000000, 0.000000, 0.000000, 0.000000, 0.000000, 0.000000, 810.000000
113.181831, 25.000000, 25.000000, 0.000000, 0.000000, 0.000000, 0.000000, 0.000000, 0.000000, 820.000000
114.665314, 25.000000, 25.000000, 0.000000, 0.000000, 0.000000, 0.000000, 0.000000, 0.000000, 830.000000
116.149353, 25.000000, 25.000000, 0.000000, 0.000000, 0.000000, 0.000000, 0.000000, 0.000000, 840.000000
117.632118, 25.000000, 25.000000, 0.000000, 0.000000, 0.000000, 0.000000, 0.000000, 0.000000, 850.000000
119.110855, 25.000000, 25.000000, 0.000000, 0.000000, 0.000000, 0.000000, 0.000000, 0.000000, 860.000000
120.584816, 25.000000, 25.000000, 0.000000, 0.000000, 0.000000, 0.000000, 0.000000, 0.000000, 870.000000
122.054100, 25.000000, 25.000000, 0.000000, 0.000000, 0.000000, 0.000000, 0.000000, 0.000000, 880.000000
123.518440, 25.400957, 25.000000, 0.000000, 0.000000, 0.000000, 0.000000, 0.000000, 0.000000, 890.000000
124.916405, 25.392590, 25.004772, 0.000000, 0.000000, 0.000000, 0.000000, 0.000000, 0.000000, 900.000000
126.252876, 25.384497, 25.009369, 0.000000, 0.000000, 0.000000, 0.000000, 0.000000, 0.000000, 910.000000
127.582314, 25.376669, 25.013798, 0.000000, 0.000000, 0.000000, 0.000000, 0.000000, 0.000000, 920.000000
128.903015, 25.369097, 25.018063, 0.000000, 0.000000, 0.000000, 0.000000, 0.000000, 0.000000, 930.000000
130.213821, 25.361771, 25.022171, 0.000000, 0.000000, 0.000000, 0.000000, 0.000000, 0.000000, 940.000000
131.514221, 25.354685, 25.026127, 0.000000, 0.000000, 0.000000, 0.000000, 0.000000, 0.000000, 950.000000
132.804184, 25.347828, 25.029936, 0.000000, 0.000000, 0.000000, 0.000000, 0.000000, 0.000000, 960.000000
134.084030, 25.341194, 25.033604, 0.000000, 0.000000, 0.000000, 0.000000, 0.000000, 0.000000, 970.000000
135.354279, 25.334776, 25.037134, 0.000000, 0.000000, 0.000000, 0.000000, 0.000000, 0.000000, 980.000000
136.615509, 25.328566, 25.040533, 0.000000, 0.000000, 0.000000, 0.000000, 0.000000, 0.000000, 990.000000
137.868332, 25.322556, 25.043804, 0.000000, 0.000000, 0.000000, 0.000000, 0.000000, 0.000000, 1000.000000
139.113388, 25.316738, 25.046953, 0.000000, 0.000000, 0.000000, 0.000000, 0.000000, 0.000000, 1010.000000
140.351395, 25.311108, 25.049982, 0.000000, 0.000000, 0.000000, 0.000000, 0.000000, 0.000000, 1020.000000
141.583008, 25.305658, 25.052896, 0.000000, 0.000000, 0.000000, 0.000000, 0.000000, 0.000000, 1030.000000
142.808853, 25.300385, 25.055700, 0.000000, 0.000000, 0.000000, 0.000000, 0.000000, 0.000000, 1040.000000
144.029495, 25.295279, 25.058397, 0.000000, 0.000000, 0.000000, 0.000000, 0.000000, 0.000000, 1050.000000
145.245346, 25.290335, 25.060991, 0.000000, 0.000000, 0.000000, 0.000000, 0.000000, 0.000000, 1060.000000
146.456757, 25.285549, 25.063484, 0.000000, 0.000000, 0.000000, 0.000000, 0.000000, 0.000000, 1070.000000
147.663895, 25.280914, 25.065882, 0.000000, 0.000000, 0.000000, 0.000000, 0.000000, 0.000000, 1080.000000
148.866928, 25.276426, 25.068186, 0.000000, 0.000000, 0.000000, 0.000000, 0.000000, 0.000000, 1090.000000
150.065964, 25.272081, 25.070400, 0.000000, 0.000000, 0.000000, 0.000000, 0.000000, 0.000000, 1100.000000
151.261063, 25.267872, 25.072529, 0.000000, 0.000000, 0.000000, 0.000000, 0.000000, 0.000000, 1110.000000
152.452209, 25.263796, 25.074574, 0.000000, 0.000000, 0.000000, 0.000000, 0.000000, 0.000000, 1120.000000
153.639252, 25.259848, 25.076536, 0.000000, 0.000000, 0.000000, 0.000000, 0.000000, 0.000000, 1130.000000
154.821945, 25.256021, 25.078421, 0.000000, 0.000000, 0.000000, 0.000000, 0.000000, 0.000000, 1140.000000
156.000000, 25.252316, 25.080231, 0.000000, 0.000000, 0.000000, 0.000000, 0.000000, 0.000000, 1150.000000
157.173111, 25.248724, 25.081968, 0.000000, 0.000000, 0.000000, 0.000000, 0.000000, 0.000000, 1160.000000
158.341003, 25.245245, 25.083635, 0.000000, 0.000000, 0.000000, 0.000000, 0.000000, 0.000000, 1170.000000
159.503647, 25.241873, 25.085236, 0.000000, 0.000000, 0.000000, 0.000000, 0.000000, 0.000000, 1180.000000
160.661102, 25.238604, 25.086769, 0.000000, 0.000000, 0.000000, 0.000000, 0.000000, 0.000000, 1190.000000
161.814178, 25.235435, 25.088240, 0.000000, 0.000000, 0.000000, 0.000000, 0.000000, 0.000000, 1200.000000
162.965378, 25.232365, 25.089649, 0.000000, 0.000000, 0.000000, 0.000000, 0.000000, 0.000000, 1210.000000
164.118881, 25.229387, 25.091002, 0.000000, 0.000000, 0.000000, 0.000000, 0.000000, 0.000000, 1220.000000
165.282181, 25.226500, 25.092297, 0.000000, 0.000000, 0.000000, 0.000000, 0.000000, 0.000000, 1230.000000
166.465317, 25.223700, 25.093536, 0.000000, 0.000000, 0.000000, 0.000000, 0.000000, 0.000000, 1240.000000
167.681122, 25.220984, 25.094723, 0.000000, 0.000000, 0.000000, 0.000000, 0.000000, 0.000000, 1250.000000
168.945740, 25.218349, 25.095860, 0.000000, 0.000000, 0.000000, 0.000000, 0.000000, 0.000000, 1260.000000
170.280060, 25.215794, 25.096947, 0.000000, 0.000000, 0.000000, 0.000000, 0.000000, 0.000000, 1270.000000
171.712906, 25.904963, 25.097986, 0.000000, 0.000000, 0.000000, 0.000000, 0.000000, 0.000000, 1280.000000
173.164444, 26.601185, 25.107212, 0.000000, 0.000000, 0.000000, 0.000000, 0.000000, 0.000000, 1290.000000
174.546509, 27.302467, 25.124578, 0.000000, 0.000000, 0.000000, 0.000000, 0.000000, 0.000000, 1300.000000
175.878616, 28.007362, 25.150019, 0.000000, 0.000000, 0.000000, 0.000000, 0.000000, 0.000000, 1310.000000
177.173782, 28.714819, 25.183447, 0.000000, 0.000000, 0.000000, 0.000000, 0.000000, 0.000000, 1320.000000
178.441025, 29.424084, 25.224770, 0.000000, 0.000000, 0.000000, 0.000000, 0.000000, 0.000000, 1330.000000
179.686584, 30.134663, 25.273882, 0.000000, 0.000000, 0.000000, 0.000000, 0.000000, 0.000000, 1340.000000
180.914474, 30.846283, 25.330677, 0.000000, 0.000000, 0.000000, 0.000000, 0.000000, 0.000000, 1350.000000
182.126907, 31.558859, 25.395046, 0.000000, 0.000000, 0.000000, 0.000000, 0.000000, 0.000000, 1360.000000
183.324738, 32.266907, 25.466883, 0.000000, 0.000000, 0.000000, 0.000000, 0.000000, 0.000000, 1370.000000
184.508255, 32.125008, 25.546013, 0.000000, 0.000000, 0.000000, 0.000000, 0.000000, 0.000000, 1380.000000
185.737289, 31.987720, 25.622206, 0.000000, 0.000000, 0.000000, 0.000000, 0.000000, 0.000000, 1390.000000
187.091339, 31.854889, 25.695562, 0.000000, 0.000000, 0.000000, 0.000000, 0.000000, 0.000000, 1400.000000
188.609818, 31.726358, 25.766180, 0.000000, 0.000000, 0.000000, 0.000000, 0.000000, 0.000000, 1410.000000
190.350662, 31.601984, 25.834154, 0.000000, 0.000000, 0.000000, 0.000000, 0.000000, 0.000000, 1420.000000
192.400238, 31.481625, 25.899576, 0.000000, 0.000000, 0.000000, 0.000000, 0.000000, 0.000000, 1430.000000
194.891327, 31.365141, 25.962532, 0.000000, 0.000000, 0.000000, 0.000000, 0.000000, 0.000000, 1440.000000
198.029266, 31.252401, 26.023109, 0.000000, 0.000000, 0.000000, 0.000000, 0.000000, 0.000000, 1450.000000
202.072876, 31.143280, 26.081388, 0.000000, 0.000000, 0.000000, 0.000000, 0.000000, 0.000000, 1460.000000
207.012207, 31.037651, 26.137449, 0.000000, 0.000000, 0.000000, 0.000000, 0.000000, 0.000000, 1470.000000
211.999100, 30.935396, 26.191368, 0.000000, 0.000000, 0.000000, 0.000000, 0.000000, 0.000000, 1480.000000
216.155045, 30.836401, 26.243219, 0.000000, 0.000000, 0.000000, 0.000000, 0.000000, 0.000000, 1490.000000
219.445145, 30.740553, 26.293074, 0.000000, 0.000000, 0.000000, 0.000000, 0.000000, 0.000000, 1500.000000
222.128799, 30.647745, 26.341002, 0.000000, 0.000000, 0.000000, 0.000000, 0.000000, 0.000000, 1510.000000
224.415878, 30.557875, 26.387068, 0.000000, 0.000000, 0.000000, 0.000000, 0.000000, 0.000000, 1520.000000
226.441864, 30.470840, 26.431337, 0.000000, 0.000000, 0.000000, 0.000000, 0.000000, 0.000000, 1530.000000
228.293915, 30.386545, 26.473873, 0.000000, 0.000000, 0.000000, 0.000000, 0.000000, 0.000000, 1540.000000
230.030304, 30.304897, 26.514734, 0.000000, 0.000000, 0.000000, 0.000000, 0.000000, 0.000000, 1550.000000
231.691605, 30.225805, 26.553980, 0.000000, 0.000000, 0.000000, 0.000000, 0.000000, 0.000000, 1560.000000
233.306473, 30.149183, 26.591665, 0.000000, 0.000000, 0.000000, 0.000000, 0.000000, 0.000000, 1570.000000
234.894791, 30.074947, 26.627844, 0.000000, 0.000000, 0.000000, 0.000000, 0.000000, 0.000000, 1580.000000
236.470078, 30.003016, 26.662567, 0.000000, 0.000000, 0.000000, 0.000000, 0.000000, 0.000000, 1590.000000
238.041534, 29.933310, 26.695887, 0.000000, 0.000000, 0.000000, 0.000000, 0.000000, 0.000000, 1600.000000
239.614059, 29.865753, 26.727852, 0.000000, 0.000000, 0.000000, 0.000000, 0.000000, 0.000000, 1610.000000
241.191818, 29.800274, 26.758509, 0.000000, 0.000000, 0.000000, 0.000000, 0.000000, 0.000000, 1620.000000
242.779190, 29.736799, 26.787901, 0.000000, 0.000000, 0.000000, 0.000000, 0.000000, 0.000000, 1630.000000
244.381027, 29.675262, 26.816074, 0.000000, 0.000000, 0.000000, 0.000000, 0.000000, 0.000000, 1640.000000
245.996109, 29.615599, 26.843071, 0.000000, 0.000000, 0.000000, 0.000000, 0.000000, 0.000000, 1650.000000
