Time(s), Twind(°C), TMotCase(°C), Flat_i(N), Flat_o(N), Flat_r(N), Frad_i(N), Frad_o(N), Frad_r(N)
0.000000, 25.000000, 25.000000, 0.000000, 0.000000, 0.000000, 0.000000, 0.000000, 0.000000, 0.000000
1.507331, 25.000000, 25.000000, 0.000000, 0.000000, 0.000000, 0.000000, 0.000000, 0.000000, 10.000000
3.045081, 25.000000, 25.000000, 0.000000, 0.000000, 0.000000, 0.000000, 0.000000, 0.000000, 20.000000
4.614261, 25.000000, 25.000000, 0.000000, 0.000000, 0.000000, 0.000000, 0.000000, 0.000000, 30.000000
6.215748, 25.000000, 25.000000, 0.000000, 0.000000, 0.000000, 0.000000, 0.000000, 0.000000, 40.000000
7.850452, 25.000000, 25.000000, 0.000000, 0.000000, 0.000000, 0.000000, 0.000000, 0.000000, 50.000000
9.519531, 25.000000, 25.000000, 0.000000, 0.000000, 0.000000, 0.000000, 0.000000, 0.000000, 60.000000
11.224655, 25.000000, 25.000000, 0.000000, 0.000000, 0.000000, 0.000000, 0.000000, 0.000000, 70.000000
12.968198, 25.000000, 25.000000, 0.000000, 0.000000, 0.000000, 0.000000, 0.000000, 0.000000, 80.000000
14.753312, 25.000000, 25.000000, 0.000000, 0.000000, 0.000000, 0.000000, 0.000000, 0.000000, 90.000000
16.582993, 25.000000, 25.000000, 0.000000, 0.000000, 0.000000, 0.000000, 0.000000, 0.000000, 100.000000
18.457712, 25.000000, 25.000000, 0.000000, 0.000000, 0.000000, 0.000000, 0.000000, 0.000000, 110.000000
20.372959, 25.000000, 25.000000, 0.000000, 0.000000, 0.000000, 0.000000, 0.000000, 0.000000, 120.000000
22.318085, 25.000000, 25.000000, 0.000000, 0.000000, 0.000000, 0.000000, 0.000000, 0.000000, 130.000000
24.276773, 25.000000, 25.000000, 0.000000, 0.000000, 0.000000, 0.000000, 0.000000, 0.000000, 140.000000
26.228476, 25.000000, 25.000000, 0.000000, 0.000000, 0.000000, 0.000000, 0.000000, 0.000000, 150.000000
28.152102, 25.000000, 25.000000, 0.000000, 0.000000, 0.000000, 0.000000, 0.000000, 0.000000, 160.000000
30.029972, 25.000000, 25.000000, 0.000000, 0.000000, 0.000000, 0.000000, 0.000000, 0.000000, 170.000000
31.849703, 25.000000, 25.000000, 0.000000, 0.000000, 0.000000, 0.000000, 0.000000, 0.000000, 180.000000
33.604290, 25.000000, 25.000000, 0.000000, 0.000000, 0.000000, 0.000000, 0.000000, 0.000000, 190.000000
35.284073, 25.000000, 25.000000, 0.000000, 0.000000, 0.000000, 0.000000, 0.000000, 0.000000, 200.000000
36.885376, 25.000000, 25.000000, 0.000000, 0.000000, 0.000000, 0.000000, 0.000000, 0.000000, 210.000000
38.414276, 25.000000, 25.000000, 0.000000, 0.000000, 0.000000, 0.000000, 0.000000, 0.000000, 220.000000
39.876812, 25.000000, 25.000000, 0.000000, 0.000000, 0.000000, 0.000000, 0.000000, 0.000000, 230.000000
41.278908, 25.000000, 25.000000, 0.000000, 0.000000, 0.000000, 0.000000, 0.000000, 0.000000, 240.000000
42.626301, 25.000000, 25.000000, 0.000000, 0.000000, 0.000000, 0.000000, 0.000000, 0.000000, 250.000000
43.924580, 25.000000, 25.000000, 0.000000, 0.000000, 0.000000, 0.000000, 0.000000, 0.000000, 260.000000
45.179092, 25.000000, 25.000000, 0.000000, 0.000000, 0.000000, 0.000000, 0.000000, 0.000000, 270.000000
46.394787, 25.000000, 25.000000, 0.000000, 0.000000, 0.000000, 0.000000, 0.000000, 0.000000, 280.000000
47.576176, 25.000000, 25.000000, 0.000000, 0.000000, 0.000000, 0.000000, 0.000000, 0.000000, 290.000000
48.727467, 25.000000, 25.000000, 0.000000, 0.000000, 0.000000, 0.000000, 0.000000, 0.000000, 300.000000
49.852753, 25.000000, 25.000000, 0.000000, 0.000000, 0.000000, 0.000000, 0.000000, 0.000000, 310.000000
50.956116, 25.000000, 25.000000, 0.000000, 0.000000, 0.000000, 0.000000, 0.000000, 0.000000, 320.000000
52.041630, 25.000000, 25.000000, 0.000000, 0.000000, 0.000000, 0.000000, 0.000000, 0.000000, 330.000000
53.113232, 25.000000, 25.000000, 0.000000, 0.000000, 0.000000, 0.000000, 0.000000, 0.000000, 340.000000
54.174473, 25.000000, 25.000000, 0.000000, 0.000000, 0.000000, 0.000000, 0.000000, 0.000000, 350.000000
55.228363, 25.000000, 25.000000, 0.000000, 0.000000, 0.000000, 0.000000, 0.000000, 0.000000, 360.000000
56.277176, 25.000000, 25.000000, 0.000000, 0.000000, 0.000000, 0.000000, 0.000000, 0.000000, 370.000000
57.322357, 25.000000, 25.000000, 0.000000, 0.000000, 0.000000, 0.000000, 0.000000, 0.000000, 380.000000
58.364670, 25.000000, 25.000000, 0.000000, 0.000000, 0.000000, 0.000000, 0.000000, 0.000000, 390.000000
59.404663, 25.000000, 25.000000, 0.000000, 0.000000, 0.000000, 0.000000, 0.000000, 0.000000, 400.000000
60.442863, 25.000000, 25.000000, 0.000000, 0.000000, 0.000000, 0.000000, 0.000000, 0.000000, 410.000000
61.479996, 25.000000, 25.000000, 0.000000, 0.000000, 0.000000, 0.000000, 0.000000, 0.000000, 420.000000
62.515442, 25.000000, 25.000000, 0.000000, 0.000000, 0.000000, 0.000000, 0.000000, 0.000000, 430.000000
63.552353, 25.000000, 25.000000, 0.000000, 0.000000, 0.000000, 0.000000, 0.000000, 0.000000, 440.000000
64.590187, 25.000000, 25.000000, 0.000000, 0.000000, 0.000000, 0.000000, 0.000000, 0.000000, 450.000000
65.629112, 25.000000, 25.000000, 0.000000, 0.000000, 0.000000, 0.000000, 0.000000, 0.000000, 460.000000
66.669479, 25.000000, 25.000000, 0.000000, 0.000000, 0.000000, 0.000000, 0.000000, 0.000000, 470.000000
67.711601, 25.000000, 25.000000, 0.000000, 0.000000, 0.000000, 0.000000, 0.000000, 0.000000, 480.000000
68.755836, 25.000000, 25.000000, 0.000000, 0.000000, 0.000000, 0.000000, 0.000000, 0.000000, 490.000000
69.802689, 25.000000, 25.000000, 0.000000, 0.000000, 0.000000, 0.000000, 0.000000, 0.000000, 500.000000
70.852638, 25.000000, 25.000000, 0.000000, 0.000000, 0.000000, 0.000000, 0.000000, 0.000000, 510.000000
71.906250, 25.000000, 25.000000, 0.000000, 0.000000, 0.000000, 0.000000, 0.000000, 0.000000, 520.000000
72.964035, 25.000000, 25.000000, 0.000000, 0.000000, 0.000000, 0.000000, 0.000000, 0.000000, 530.000000
74.026436, 25.000000, 25.000000, 0.000000, 0.000000, 0.000000, 0.000000, 0.000000, 0.000000, 540.000000
75.093796, 25.000000, 25.000000, 0.000000, 0.000000, 0.000000, 0.000000, 0.000000, 0.000000, 550.000000
76.166443, 25.000000, 25.000000, 0.000000, 0.000000, 0.000000, 0.000000, 0.000000, 0.000000, 560.000000
77.244812, 25.000000, 25.000000, 0.000000, 0.000000, 0.000000, 0.000000, 0.000000, 0.000000, 570.000000
78.330376, 25.000000, 25.000000, 0.000000, 0.000000, 0.000000, 0.000000, 0.000000, 0.000000, 580.000000
79.425171, 25.000000, 25.000000, 0.000000, 0.000000, 0.000000, 0.000000, 0.000000, 0.000000, 590.000000
80.531258, 25.000000, 25.000000, 0.000000, 0.000000, 0.000000, 0.000000, 0.000000, 0.000000, 600.000000
81.651794, 25.000000, 25.000000, 0.000000, 0.000000, 0.000000, 0.000000, 0.000000, 0.000000, 610.000000
82.790810, 25.000000, 25.000000, 0.000000, 0.000000, 0.000000, 0.000000, 0.000000, 0.000000, 620.000000
83.952438, 25.000000, 25.000000, 0.000000, 0.000000, 0.000000, 0.000000, 0.000000, 0.000000, 630.000000
85.140358, 25.000000, 25.000000, 0.000000, 0.000000, 0.000000, 0.000000, 0.000000, 0.000000, 640.000000
86.357498, 25.000000, 25.000000, 0.000000, 0.000000, 0.000000, 0.000000, 0.000000, 0.000000, 650.000000
87.605919, 25.000000, 25.000000, 0.000000, 0.000000, 0.000000, 0.000000, 0.000000, 0.000000, 660.000000
88.886848, 25.000000, 25.000000, 0.000000, 0.000000, 0.000000, 0.000000, 0.000000, 0.000000, 670.000000
90.200836, 25.000000, 25.000000, 0.000000, 0.000000, 0.000000, 0.000000, 0.000000, 0.000000, 680.000000
91.547874, 25.000000, 25.000000, 0.000000, 0.000000, 0.000000, 0.000000, 0.000000, 0.000000, 690.000000
92.927528, 25.000000, 25.000000, 0.000000, 0.000000, 0.000000, 0.000000, 0.000000, 0.000000, 700.000000
94.338593, 25.000000, 25.000000, 0.000000, 0.000000, 0.000000, 0.000000, 0.000000, 0.000000, 710.000000
95.778084, 25.000000, 25.000000, 0.000000, 0.000000, 0.000000, 0.000000, 0.000000, 0.000000, 720.000000
97.240585, 25.000000, 25.000000, 0.000000, 0.000000, 0.000000, 0.000000, 0.000000, 0.000000, 730.000000
98.718742, 25.000000, 25.000000, 0.000000, 0.000000, 0.000000, 0.000000, 0.000000, 0.000000, 740.000000
100.204887, 25.000000, 25.000000, 0.000000, 0.000000, 0.000000, 0.000000, 0.000000, 0.000000, 750.000000
101.693024, 25.000000, 25.000000, 0.000000, 0.000000, 0.000000, 0.000000, 0.000000, 0.000000, 760.000000
103.220299, 25.000000, 25.000000, 0.000000, 0.000000, 0.000000, 0.000000, 0.000000, 0.000000, 770.000000
104.708969, 25.000000, 25.000000, 0.000000, 0.000000, 0.000000, 0.000000, 0.000000, 0.000000, 780.000000
106.199440, 25.000000, 25.000000, 0.000000, 0.000000, 0.000000, 0.000000, 0.000000, 0.000000, 790.000000
107.690819, 25.000000, 25.000000, 0.000000, 0.000000, 0.000000, 0.000000, 0.000000, 0.000000, 800.000000
109.180725, 25.000000, 25.000000, 0.000000, 0.000000, 0.000000, 0.000000, 0.000000, 0.000000, 810.000000
110.666885, 25.000000, 25.000000, 0.000000, 0.000000, 0.000000, 0.000000, 0.000000, 0.000000, 820.000000
112.148232, 25.000000, 25.000000, 0.000000, 0.000000, 0.000000, 0.000000, 0.000000, 0.000000, 830.000000
113.624672, 25.000000, 25.000000, 0.000000, 0.000000, 0.000000, 0.000000, 0.000000, 0.000000, 840.000000
115.096130, 25.000000, 25.000000, 0.000000, 0.000000, 0.000000, 0.000000, 0.000000, 0.000000, 850.000000
116.561943, 25.000000, 25.000000, 0.000000, 0.000000, 0.000000, 0.000000, 0.000000, 0.000000, 860.000000
118.020706, 25.000000, 25.000000, 0.000000, 0.000000, 0.000000, 0.000000, 0.000000, 0.000000, 870.000000
119.470444, 25.000000, 25.000000, 0.000000, 0.000000, 0.000000, 0.000000, 0.000000, 0.000000, 880.000000
120.909096, 25.451048, 25.000000, 0.000000, 0.000000, 0.000000, 0.000000, 0.000000, 0.000000, 890.000000
122.270454, 25.943600, 25.005369, 0.000000, 0.000000, 0.000000, 0.000000, 0.000000, 0.000000, 900.000000
123.511215, 25.924021, 25.016516, 0.000000, 0.000000, 0.000000, 0.000000, 0.000000, 0.000000, 910.000000
124.696976, 25.905083, 25.027254, 0.000000, 0.000000, 0.000000, 0.000000, 0.000000, 0.000000, 920.000000
125.875656, 25.886765, 25.037598, 0.000000, 0.000000, 0.000000, 0.000000, 0.000000, 0.000000, 930.000000
127.047455, 25.869045, 25.047560, 0.000000, 0.000000, 0.000000, 0.000000, 0.000000, 0.000000, 940.000000
128.212692, 25.851902, 25.057154, 0.000000, 0.000000, 0.000000, 0.000000, 0.000000, 0.000000, 950.000000
129.372070, 25.835318, 25.066391, 0.000000, 0.000000, 0.000000, 0.000000, 0.000000, 0.000000, 960.000000
130.526337, 25.819271, 25.075287, 0.000000, 0.000000, 0.000000, 0.000000, 0.000000, 0.000000, 970.000000
131.676010, 25.803745, 25.083851, 0.000000, 0.000000, 0.000000, 0.000000, 0.000000, 0.000000, 980.000000
132.821518, 25.788723, 25.092094, 0.000000, 0.000000, 0.000000, 0.000000, 0.000000, 0.000000, 990.000000
133.963348, 25.774185, 25.100029, 0.000000, 0.000000, 0.000000, 0.000000, 0.000000, 0.000000, 1000.000000
135.101776, 25.760117, 25.107666, 0.000000, 0.000000, 0.000000, 0.000000, 0.000000, 0.000000, 1010.000000
136.237106, 25.746502, 25.115015, 0.000000, 0.000000, 0.000000, 0.000000, 0.000000, 0.000000, 1020.000000
137.369446, 25.733324, 25.122086, 0.000000, 0.000000, 0.000000, 0.000000, 0.000000, 0.000000, 1030.000000
138.498993, 25.720570, 25.128887, 0.000000, 0.000000, 0.000000, 0.000000, 0.000000, 0.000000, 1040.000000
139.625824, 25.708223, 25.135431, 0.000000, 0.000000, 0.000000, 0.000000, 0.000000, 0.000000, 1050.000000
140.750000, 25.696270, 25.141724, 0.000000, 0.000000, 0.000000, 0.000000, 0.000000, 0.000000, 1060.000000
141.871552, 25.684698, 25.147776, 0.000000, 0.000000, 0.000000, 0.000000, 0.000000, 0.000000, 1070.000000
142.990479, 25.673494, 25.153593, 0.000000, 0.000000, 0.000000, 0.000000, 0.000000, 0.000000, 1080.000000
144.106583, 25.662645, 25.159185, 0.000000, 0.000000, 0.000000, 0.000000, 0.000000, 0.000000, 1090.000000
145.219727, 25.652140, 25.164560, 0.000000, 0.000000, 0.000000, 0.000000, 0.000000, 0.000000, 1100.000000
146.329605, 25.641966, 25.169725, 0.000000, 0.000000, 0.000000, 0.000000, 0.000000, 0.000000, 1110.000000
147.436050, 25.632111, 25.174688, 0.000000, 0.000000, 0.000000, 0.000000, 0.000000, 0.000000, 1120.000000
148.538864, 25.622566, 25.179457, 0.000000, 0.000000, 0.000000, 0.000000, 0.000000, 0.000000, 1130.000000
149.637985, 25.613319, 25.184036, 0.000000, 0.000000, 0.000000, 0.000000, 0.000000, 0.000000, 1140.000000
150.735306, 25.604361, 25.188433, 0.000000, 0.000000, 0.000000, 0.000000, 0.000000, 0.000000, 1150.000000
151.835449, 25.595682, 25.192654, 0.000000, 0.000000, 0.000000, 0.000000, 0.000000, 0.000000, 1160.000000
152.944229, 25.587273, 25.196705, 0.000000, 0.000000, 0.000000, 0.000000, 0.000000, 0.000000, 1170.000000
154.069717, 25.579123, 25.200592, 0.000000, 0.000000, 0.000000, 0.000000, 0.000000, 0.000000, 1180.000000
155.222061, 25.571224, 25.204321, 0.000000, 0.000000, 0.000000, 0.000000, 0.000000, 0.000000, 1190.000000
156.413742, 25.563568, 25.207897, 0.000000, 0.000000, 0.000000, 0.000000, 0.000000, 0.000000, 1200.000000
157.660446, 25.556147, 25.211325, 0.000000, 0.000000, 0.000000, 0.000000, 0.000000, 0.000000, 1210.000000
158.982773, 25.548950, 25.214611, 0.000000, 0.000000, 0.000000, 0.000000, 0.000000, 0.000000, 1220.000000
160.409866, 25.541973, 25.217760, 0.000000, 0.000000, 0.000000, 0.000000, 0.000000, 0.000000, 1230.000000
161.987106, 26.029118, 25.220776, 0.000000, 0.000000, 0.000000, 0.000000, 0.000000, 0.000000, 1240.000000
163.640778, 26.520390, 25.229542, 0.000000, 0.000000, 0.000000, 0.000000, 0.000000, 0.000000, 1250.000000
165.262466, 27.012894, 25.244017, 0.000000, 0.000000, 0.000000, 0.000000, 0.000000, 0.000000, 1260.000000
166.864014, 27.504232, 25.264126, 0.000000, 0.000000, 0.000000, 0.000000, 0.000000, 0.000000, 1270.000000
168.454422, 27.992476, 25.289766, 0.000000, 0.000000, 0.000000, 0.000000, 0.000000, 0.000000, 1280.000000
170.040329, 28.476259, 25.320814, 0.000000, 0.000000, 0.000000, 0.000000, 0.000000, 0.000000, 1290.000000
171.626007, 28.954876, 25.357130, 0.000000, 0.000000, 0.000000, 0.000000, 0.000000, 0.000000, 1300.000000
173.213135, 29.428272, 25.398569, 0.000000, 0.000000, 0.000000, 0.000000, 0.000000, 0.000000, 1310.000000
174.801620, 29.896923, 25.444990, 0.000000, 0.000000, 0.000000, 0.000000, 0.000000, 0.000000, 1320.000000
176.389938, 30.361673, 25.496256, 0.000000, 0.000000, 0.000000, 0.000000, 0.000000, 0.000000, 1330.000000
177.967575, 30.260145, 25.552244, 0.000000, 0.000000, 0.000000, 0.000000, 0.000000, 0.000000, 1340.000000
179.644913, 30.161903, 25.606142, 0.000000, 0.000000, 0.000000, 0.000000, 0.000000, 0.000000, 1350.000000
181.597061, 30.066835, 25.658020, 0.000000, 0.000000, 0.000000, 0.000000, 0.000000, 0.000000, 1360.000000
183.932129, 29.974834, 25.707947, 0.000000, 0.000000, 0.000000, 0.000000, 0.000000, 0.000000, 1370.000000
186.812729, 29.885796, 25.755991, 0.000000, 0.000000, 0.000000, 0.000000, 0.000000, 0.000000, 1380.000000
190.453278, 29.799618, 25.802217, 0.000000, 0.000000, 0.000000, 0.000000, 0.000000, 0.000000, 1390.000000
194.954163, 29.716202, 25.846689, 0.000000, 0.000000, 0.000000, 0.000000, 0.000000, 0.000000, 1400.000000
199.833298, 29.635454, 25.889467, 0.000000, 0.000000, 0.000000, 0.000000, 0.000000, 0.000000, 1410.000000
204.203949, 29.557285, 25.930609, 0.000000, 0.000000, 0.000000, 0.000000, 0.000000, 0.000000, 1420.000000
207.753632, 29.481606, 25.970171, 0.000000, 0.000000, 0.000000, 0.000000, 0.000000, 0.000000, 1430.000000
210.641281, 29.408331, 26.008207, 0.000000, 0.000000, 0.000000, 0.000000, 0.000000, 0.000000, 1440.000000
213.073425, 29.337379, 26.044773, 0.000000, 0.000000, 0.000000, 0.000000, 0.000000, 0.000000, 1450.000000
215.198578, 29.268671, 26.079916, 0.000000, 0.000000, 0.000000, 0.000000, 0.000000, 0.000000, 1460.000000
217.115158, 29.202129, 26.113688, 0.000000, 0.000000, 0.000000, 0.000000, 0.000000, 0.000000, 1470.000000
218.889389, 29.137682, 26.146133, 0.000000, 0.000000, 0.000000, 0.000000, 0.000000, 0.000000, 1480.000000
220.567429, 29.075256, 26.177301, 0.000000, 0.000000, 0.000000, 0.000000, 0.000000, 0.000000, 1490.000000
222.182495, 29.014784, 26.207233, 0.000000, 0.000000, 0.000000, 0.000000, 0.000000, 0.000000, 1500.000000
223.790863, 28.956198, 26.235973, 0.000000, 0.000000, 0.000000, 0.000000, 0.000000, 0.000000, 1510.000000
225.435562, 28.899433, 26.263563, 0.000000, 0.000000, 0.000000, 0.000000, 0.000000, 0.000000, 1520.000000
227.118118, 28.844429, 26.290043, 0.000000, 0.000000, 0.000000, 0.000000, 0.000000, 0.000000, 1530.000000
228.839920, 28.791126, 26.315449, 0.000000, 0.000000, 0.000000, 0.000000, 0.000000, 0.000000, 1540.000000
230.602341, 28.739466, 26.339821, 0.000000, 0.000000, 0.000000, 0.000000, 0.000000, 0.000000, 1550.000000
232.406982, 28.689390, 26.363194, 0.000000, 0.000000, 0.000000, 0.000000, 0.000000, 0.000000, 1560.000000
