Time(s), Twind(°C), TMotCase(°C), Flat_i(N), Flat_o(N), Flat_r(N), Frad_i(N), Frad_o(N), Frad_r(N)
0.000000, 25.000000, 25.000000, 0.000000, 0.000000, 0.000000, 0.000000, 0.000000, 0.000000, 0.000000
1.604739, 25.000000, 25.000000, 0.000000, 0.000000, 0.000000, 0.000000, 0.000000, 0.000000, 10.000000
3.245472, 25.000000, 25.000000, 0.000000, 0.000000, 0.000000, 0.000000, 0.000000, 0.000000, 20.000000
4.923580, 25.000000, 25.000000, 0.000000, 0.000000, 0.000000, 0.000000, 0.000000, 0.000000, 30.000000
6.640272, 25.000000, 25.000000, 0.000000, 0.000000, 0.000000, 0.000000, 0.000000, 0.000000, 40.000000
8.396809, 25.000000, 25.000000, 0.000000, 0.000000, 0.000000, 0.000000, 0.000000, 0.000000, 50.000000
10.194802, 25.000000, 25.000000, 0.000000, 0.000000, 0.000000, 0.000000, 0.000000, 0.000000, 60.000000
12.036533, 25.000000, 25.000000, 0.000000, 0.000000, 0.000000, 0.000000, 0.000000, 0.000000, 70.000000
13.925222, 25.000000, 25.000000, 0.000000, 0.000000, 0.000000, 0.000000, 0.000000, 0.000000, 80.000000
15.865032, 25.000000, 25.000000, 0.000000, 0.000000, 0.000000, 0.000000, 0.000000, 0.000000, 90.000000
17.858919, 25.000000, 25.000000, 0.000000, 0.000000, 0.000000, 0.000000, 0.000000, 0.000000, 100.000000
19.904373, 25.000000, 25.000000, 0.000000, 0.000000, 0.000000, 0.000000, 0.000000, 0.000000, 110.000000
21.990431, 25.000000, 25.000000, 0.000000, 0.000000, 0.000000, 0.000000, 0.000000, 0.000000, 120.000000
24.097902, 25.000000, 25.000000, 0.000000, 0.000000, 0.000000, 0.000000, 0.000000, 0.000000, 130.000000
26.201128, 25.000000, 25.000000, 0.000000, 0.000000, 0.000000, 0.000000, 0.000000, 0.000000, 140.000000
28.272545, 25.000000, 25.000000, 0.000000, 0.000000, 0.000000, 0.000000, 0.000000, 0.000000, 150.000000
30.288929, 25.000000, 25.000000, 0.000000, 0.000000, 0.000000, 0.000000, 0.000000, 0.000000, 160.000000
32.234367, 25.000000, 25.000000, 0.000000, 0.000000, 0.000000, 0.000000, 0.000000, 0.000000, 170.000000
34.100479, 25.000000, 25.000000, 0.000000, 0.000000, 0.000000, 0.000000, 0.000000, 0.000000, 180.000000
35.885021, 25.000000, 25.000000, 0.000000, 0.000000, 0.000000, 0.000000, 0.000000, 0.000000, 190.000000
37.589798, 25.000000, 25.000000, 0.000000, 0.000000, 0.000000, 0.000000, 0.000000, 0.000000, 200.000000
39.218555, 25.000000, 25.000000, 0.000000, 0.000000, 0.000000, 0.000000, 0.000000, 0.000000, 210.000000
40.775730, 25.000000, 25.000000, 0.000000, 0.000000, 0.000000, 0.000000, 0.000000, 0.000000, 220.000000
42.266094, 25.000000, 25.000000, 0.000000, 0.000000, 0.000000, 0.000000, 0.000000, 0.000000, 230.000000
43.694691, 25.000000, 25.000000, 0.000000, 0.000000, 0.000000, 0.000000, 0.000000, 0.000000, 240.000000
45.066669, 25.000000, 25.000000, 0.000000, 0.000000, 0.000000, 0.000000, 0.000000, 0.000000, 250.000000
46.387218, 25.000000, 25.000000, 0.000000, 0.000000, 0.000000, 0.000000, 0.000000, 0.000000, 260.000000
47.661533, 25.000000, 25.000000, 0.000000, 0.000000, 0.000000, 0.000000, 0.000000, 0.000000, 270.000000
48.894669, 25.000000, 25.000000, 0.000000, 0.000000, 0.000000, 0.000000, 0.000000, 0.000000, 280.000000
50.091312, 25.000000, 25.000000, 0.000000, 0.000000, 0.000000, 0.000000, 0.000000, 0.000000, 290.000000
51.255806, 25.000000, 25.000000, 0.000000, 0.000000, 0.000000, 0.000000, 0.000000, 0.000000, 300.000000
52.392334, 25.000000, 25.000000, 0.000000, 0.000000, 0.000000, 0.000000, 0.000000, 0.000000, 310.000000
53.505112, 25.000000, 25.000000, 0.000000, 0.000000, 0.000000, 0.000000, 0.000000, 0.000000, 320.000000
54.598427, 25.000000, 25.000000, 0.000000, 0.000000, 0.000000, 0.000000, 0.000000, 0.000000, 330.000000
55.676495, 25.000000, 25.000000, 0.000000, 0.000000, 0.000000, 0.000000, 0.000000, 0.000000, 340.000000
56.743214, 25.000000, 25.000000, 0.000000, 0.000000, 0.000000, 0.000000, 0.000000, 0.000000, 350.000000
57.801891, 25.000000, 25.000000, 0.000000, 0.000000, 0.000000, 0.000000, 0.000000, 0.000000, 360.000000
58.855057, 25.000000, 25.000000, 0.000000, 0.000000, 0.000000, 0.000000, 0.000000, 0.000000, 370.000000
59.904324, 25.000000, 25.000000, 0.000000, 0.000000, 0.000000, 0.000000, 0.000000, 0.000000, 380.000000
60.950481, 25.000000, 25.000000, 0.000000, 0.000000, 0.000000, 0.000000, 0.000000, 0.000000, 390.000000
61.993755, 25.000000, 25.000000, 0.000000, 0.000000, 0.000000, 0.000000, 0.000000, 0.000000, 400.000000
63.034351, 25.000000, 25.000000, 0.000000, 0.000000, 0.000000, 0.000000, 0.000000, 0.000000, 410.000000
64.072655, 25.000000, 25.000000, 0.000000, 0.000000, 0.000000, 0.000000, 0.000000, 0.000000, 420.000000
65.109299, 25.000000, 25.000000, 0.000000, 0.000000, 0.000000, 0.000000, 0.000000, 0.000000, 430.000000
66.144966, 25.000000, 25.000000, 0.000000, 0.000000, 0.000000, 0.000000, 0.000000, 0.000000, 440.000000
67.180183, 25.000000, 25.000000, 0.000000, 0.000000, 0.000000, 0.000000, 0.000000, 0.000000, 450.000000
68.216087, 25.000000, 25.000000, 0.000000, 0.000000, 0.000000, 0.000000, 0.000000, 0.000000, 460.000000
69.252853, 25.000000, 25.000000, 0.000000, 0.000000, 0.000000, 0.000000, 0.000000, 0.000000, 470.000000
70.290901, 25.000000, 25.000000, 0.000000, 0.000000, 0.000000, 0.000000, 0.000000, 0.000000, 480.000000
71.330536, 25.000000, 25.000000, 0.000000, 0.000000, 0.000000, 0.000000, 0.000000, 0.000000, 490.000000
72.372078, 25.000000, 25.000000, 0.000000, 0.000000, 0.000000, 0.000000, 0.000000, 0.000000, 500.000000
73.415993, 25.000000, 25.000000, 0.000000, 0.000000, 0.000000, 0.000000, 0.000000, 0.000000, 510.000000
74.462814, 25.000000, 25.000000, 0.000000, 0.000000, 0.000000, 0.000000, 0.000000, 0.000000, 520.000000
75.513092, 25.000000, 25.000000, 0.000000, 0.000000, 0.000000, 0.000000, 0.000000, 0.000000, 530.000000
76.567413, 25.000000, 25.000000, 0.000000, 0.000000, 0.000000, 0.000000, 0.000000, 0.000000, 540.000000
77.626221, 25.000000, 25.000000, 0.000000, 0.000000, 0.000000, 0.000000, 0.000000, 0.000000, 550.000000
78.689934, 25.000000, 25.000000, 0.000000, 0.000000, 0.000000, 0.000000, 0.000000, 0.000000, 560.000000
79.758865, 25.000000, 25.000000, 0.000000, 0.000000, 0.000000, 0.000000, 0.000000, 0.000000, 570.000000
80.833435, 25.000000, 25.000000, 0.000000, 0.000000, 0.000000, 0.000000, 0.000000, 0.000000, 580.000000
81.914246, 25.000000, 25.000000, 0.000000, 0.000000, 0.000000, 0.000000, 0.000000, 0.000000, 590.000000
83.002075, 25.000000, 25.000000, 0.000000, 0.000000, 0.000000, 0.000000, 0.000000, 0.000000, 600.000000
84.097946, 25.000000, 25.000000, 0.000000, 0.000000, 0.000000, 0.000000, 0.000000, 0.000000, 610.000000
85.203262, 25.000000, 25.000000, 0.000000, 0.000000, 0.000000, 0.000000, 0.000000, 0.000000, 620.000000
86.320282, 25.000000, 25.000000, 0.000000, 0.000000, 0.000000, 0.000000, 0.000000, 0.000000, 630.000000
87.452499, 25.000000, 25.000000, 0.000000, 0.000000, 0.000000, 0.000000, 0.000000, 0.000000, 640.000000
88.604279, 25.000000, 25.000000, 0.000000, 0.000000, 0.000000, 0.000000, 0.000000, 0.000000, 650.000000
89.779961, 25.000000, 25.000000, 0.000000, 0.000000, 0.000000, 0.000000, 0.000000, 0.000000, 660.000000
90.983238, 25.000000, 25.000000, 0.000000, 0.000000, 0.000000, 0.000000, 0.000000, 0.000000, 670.000000
92.216850, 25.000000, 25.000000, 0.000000, 0.000000, 0.000000, 0.000000, 0.000000, 0.000000, 680.000000
93.482536, 25.000000, 25.000000, 0.000000, 0.000000, 0.000000, 0.000000, 0.000000, 0.000000, 690.000000
94.781166, 25.000000, 25.000000, 0.000000, 0.000000, 0.000000, 0.000000, 0.000000, 0.000000, 700.000000
96.112938, 25.000000, 25.000000, 0.000000, 0.000000, 0.000000, 0.000000, 0.000000, 0.000000, 710.000000
97.477562, 25.438629, 25.000000, 0.000000, 0.000000, 0.000000, 0.000000, 0.000000, 0.000000, 720.000000
98.816803, 25.429476, 25.005220, 0.000000, 0.000000, 0.000000, 0.000000, 0.000000, 0.000000, 730.000000
100.130264, 25.420622, 25.010250, 0.000000, 0.000000, 0.000000, 0.000000, 0.000000, 0.000000, 740.000000
101.468491, 25.412058, 25.015095, 0.000000, 0.000000, 0.000000, 0.000000, 0.000000, 0.000000, 750.000000
102.824867, 25.403774, 25.019762, 0.000000, 0.000000, 0.000000, 0.000000, 0.000000, 0.000000, 760.000000
104.192078, 25.395761, 25.024256, 0.000000, 0.000000, 0.000000, 0.000000, 0.000000, 0.000000, 770.000000
105.564293, 25.388010, 25.028584, 0.000000, 0.000000, 0.000000, 0.000000, 0.000000, 0.000000, 780.000000
106.938362, 25.380510, 25.032751, 0.000000, 0.000000, 0.000000, 0.000000, 0.000000, 0.000000, 790.000000
108.313812, 25.373253, 25.036764, 0.000000, 0.000000, 0.000000, 0.000000, 0.000000, 0.000000, 800.000000
109.691933, 25.366232, 25.040627, 0.000000, 0.000000, 0.000000, 0.000000, 0.000000, 0.000000, 810.000000
111.074570, 25.359438, 25.044344, 0.000000, 0.000000, 0.000000, 0.000000, 0.000000, 0.000000, 820.000000
112.462486, 25.352863, 25.047922, 0.000000, 0.000000, 0.000000, 0.000000, 0.000000, 0.000000, 830.000000
113.854446, 25.346500, 25.051367, 0.000000, 0.000000, 0.000000, 0.000000, 0.000000, 0.000000, 840.000000
115.247902, 25.340342, 25.054680, 0.000000, 0.000000, 0.000000, 0.000000, 0.000000, 0.000000, 850.000000
116.639908, 25.334381, 25.057869, 0.000000, 0.000000, 0.000000, 0.000000, 0.000000, 0.000000, 860.000000
118.029480, 25.328611, 25.060936, 0.000000, 0.000000, 0.000000, 0.000000, 0.000000, 0.000000, 870.000000
119.416328, 25.323025, 25.063887, 0.000000, 0.000000, 0.000000, 0.000000, 0.000000, 0.000000, 880.000000
120.799973, 25.317617, 25.066723, 0.000000, 0.000000, 0.000000, 0.000000, 0.000000, 0.000000, 890.000000
122.179337, 25.312382, 25.069450, 0.000000, 0.000000, 0.000000, 0.000000, 0.000000, 0.000000, 900.000000
123.552704, 25.307312, 25.072073, 0.000000, 0.000000, 0.000000, 0.000000, 0.000000, 0.000000, 910.000000
124.918091, 25.302402, 25.074594, 0.000000, 0.000000, 0.000000, 0.000000, 0.000000, 0.000000, 920.000000
126.273682, 25.297649, 25.077017, 0.000000, 0.000000, 0.000000, 0.000000, 0.000000, 0.000000, 930.000000
127.618286, 25.293045, 25.079344, 0.000000, 0.000000, 0.000000, 0.000000, 0.000000, 0.000000, 940.000000
128.951355, 25.288586, 25.081579, 0.000000, 0.000000, 0.000000, 0.000000, 0.000000, 0.000000, 950.000000
130.272919, 25.284266, 25.083727, 0.000000, 0.000000, 0.000000, 0.000000, 0.000000, 0.000000, 960.000000
131.583344, 25.280081, 25.085789, 0.000000, 0.000000, 0.000000, 0.000000, 0.000000, 0.000000, 970.000000
132.883194, 25.276026, 25.087769, 0.000000, 0.000000, 0.000000, 0.000000, 0.000000, 0.000000, 980.000000
134.173126, 25.272097, 25.089670, 0.000000, 0.000000, 0.000000, 0.000000, 0.000000, 0.000000, 990.000000
135.453827, 25.268290, 25.091494, 0.000000, 0.000000, 0.000000, 0.000000, 0.000000, 0.000000, 1000.000000
136.726013, 25.264601, 25.093243, 0.000000, 0.000000, 0.000000, 0.000000, 0.000000, 0.000000, 1010.000000
137.990448, 25.261024, 25.094921, 0.000000, 0.000000, 0.000000, 0.000000, 0.000000, 0.000000, 1020.000000
139.247833, 25.257559, 25.096531, 0.000000, 0.000000, 0.000000, 0.000000, 0.000000, 0.000000, 1030.000000
140.498886, 25.254198, 25.098074, 0.000000, 0.000000, 0.000000, 0.000000, 0.000000, 0.000000, 1040.000000
141.744171, 25.250940, 25.099552, 0.000000, 0.000000, 0.000000, 0.000000, 0.000000, 0.000000, 1050.000000
142.984207, 25.247782, 25.100969, 0.000000, 0.000000, 0.000000, 0.000000, 0.000000, 0.000000, 1060.000000
144.219315, 25.244719, 25.102325, 0.000000, 0.000000, 0.000000, 0.000000, 0.000000, 0.000000, 1070.000000
145.449677, 25.241747, 25.103624, 0.000000, 0.000000, 0.000000, 0.000000, 0.000000, 0.000000, 1080.000000
146.675491, 25.238865, 25.104866, 0.000000, 0.000000, 0.000000, 0.000000, 0.000000, 0.000000, 1090.000000
147.896851, 25.236069, 25.106054, 0.000000, 0.000000, 0.000000, 0.000000, 0.000000, 0.000000, 1100.000000
149.113861, 25.233356, 25.107191, 0.000000, 0.000000, 0.000000, 0.000000, 0.000000, 0.000000, 1110.000000
150.326462, 25.230724, 25.108278, 0.000000, 0.000000, 0.000000, 0.000000, 0.000000, 0.000000, 1120.000000
151.534531, 25.228168, 25.109316, 0.000000, 0.000000, 0.000000, 0.000000, 0.000000, 0.000000, 1130.000000
152.737793, 25.225689, 25.110308, 0.000000, 0.000000, 0.000000, 0.000000, 0.000000, 0.000000, 1140.000000
153.935928, 25.223282, 25.111254, 0.000000, 0.000000, 0.000000, 0.000000, 0.000000, 0.000000, 1150.000000
155.128601, 25.220943, 25.112156, 0.000000, 0.000000, 0.000000, 0.000000, 0.000000, 0.000000, 1160.000000
156.315567, 25.218674, 25.113016, 0.000000, 0.000000, 0.000000, 0.000000, 0.000000, 0.000000, 1170.000000
157.496765, 25.216469, 25.113836, 0.000000, 0.000000, 0.000000, 0.000000, 0.000000, 0.000000, 1180.000000
158.672287, 25.214327, 25.114616, 0.000000, 0.000000, 0.000000, 0.000000, 0.000000, 0.000000, 1190.000000
159.842972, 25.212246, 25.115358, 0.000000, 0.000000, 0.000000, 0.000000, 0.000000, 0.000000, 1200.000000
161.011368, 25.210224, 25.116064, 0.000000, 0.000000, 0.000000, 0.000000, 0.000000, 0.000000, 1210.000000
162.182022, 25.208260, 25.116735, 0.000000, 0.000000, 0.000000, 0.000000, 0.000000, 0.000000, 1220.000000
163.362671, 25.206350, 25.117373, 0.000000, 0.000000, 0.000000, 0.000000, 0.000000, 0.000000, 1230.000000
164.563828, 25.204494, 25.117977, 0.000000, 0.000000, 0.000000, 0.000000, 0.000000, 0.000000, 1240.000000
165.798965, 25.202688, 25.118549, 0.000000, 0.000000, 0.000000, 0.000000, 0.000000, 0.000000, 1250.000000
167.085114, 25.770065, 25.119091, 0.000000, 0.000000, 0.000000, 0.000000, 0.000000, 0.000000, 1260.000000
168.377014, 26.351685, 25.126377, 0.000000, 0.000000, 0.000000, 0.000000, 0.000000, 0.000000, 1270.000000
169.626297, 26.943443, 25.140472, 0.000000, 0.000000, 0.000000, 0.000000, 0.000000, 0.000000, 1280.000000
170.845139, 27.541908, 25.161388, 0.000000, 0.000000, 0.000000, 0.000000, 0.000000, 0.000000, 1290.000000
172.042496, 28.144184, 25.189098, 0.000000, 0.000000, 0.000000, 0.000000, 0.000000, 0.000000, 1300.000000
173.225159, 28.747835, 25.223539, 0.000000, 0.000000, 0.000000, 0.000000, 0.000000, 0.000000, 1310.000000
174.398407, 29.350830, 25.264622, 0.000000, 0.000000, 0.000000, 0.000000, 0.000000, 0.000000, 1320.000000
175.566299, 29.951506, 25.312233, 0.000000, 0.000000, 0.000000, 0.000000, 0.000000, 0.000000, 1330.000000
176.731934, 30.548645, 25.366243, 0.000000, 0.000000, 0.000000, 0.000000, 0.000000, 0.000000, 1340.000000
177.897247, 31.141615, 25.426510, 0.000000, 0.000000, 0.000000, 0.000000, 0.000000, 0.000000, 1350.000000
179.063370, 31.730364, 25.492882, 0.000000, 0.000000, 0.000000, 0.000000, 0.000000, 0.000000, 1360.000000
180.229950, 32.315319, 25.565216, 0.000000, 0.000000, 0.000000, 0.000000, 0.000000, 0.000000, 1370.000000
181.396698, 32.174461, 25.643372, 0.000000, 0.000000, 0.000000, 0.000000, 0.000000, 0.000000, 1380.000000
182.614120, 32.038174, 25.718616, 0.000000, 0.000000, 0.000000, 0.000000, 0.000000, 0.000000, 1390.000000
183.952820, 31.906300, 25.791052, 0.000000, 0.000000, 0.000000, 0.000000, 0.000000, 0.000000, 1400.000000
185.449875, 31.778690, 25.860775, 0.000000, 0.000000, 0.000000, 0.000000, 0.000000, 0.000000, 1410.000000
187.158859, 31.655199, 25.927879, 0.000000, 0.000000, 0.000000, 0.000000, 0.000000, 0.000000, 1420.000000
189.157257, 31.535685, 25.992455, 0.000000, 0.000000, 0.000000, 0.000000, 0.000000, 0.000000, 1430.000000
191.558441, 31.420012, 26.054588, 0.000000, 0.000000, 0.000000, 0.000000, 0.000000, 0.000000, 1440.000000
194.522781, 31.308048, 26.114367, 0.000000, 0.000000, 0.000000, 0.000000, 0.000000, 0.000000, 1450.000000
198.216187, 31.199669, 26.171869, 0.000000, 0.000000, 0.000000, 0.000000, 0.000000, 0.000000, 1460.000000
202.562866, 31.094751, 26.227175, 0.000000, 0.000000, 0.000000, 0.000000, 0.000000, 0.000000, 1470.000000
206.945709, 30.993177, 26.280357, 0.000000, 0.000000, 0.000000, 0.000000, 0.000000, 0.000000, 1480.000000
210.731491, 30.894833, 26.331493, 0.000000, 0.000000, 0.000000, 0.000000, 0.000000, 0.000000, 1490.000000
213.829895, 30.799606, 26.380651, 0.000000, 0.000000, 0.000000, 0.000000, 0.000000, 0.000000, 1500.000000
216.407639, 30.707394, 26.427900, 0.000000, 0.000000, 0.000000, 0.000000, 0.000000, 0.000000, 1510.000000
218.628922, 30.618092, 26.473307, 0.000000, 0.000000, 0.000000, 0.000000, 0.000000, 0.000000, 1520.000000
220.609436, 30.531601, 26.516933, 0.000000, 0.000000, 0.000000, 0.000000, 0.000000, 0.000000, 1530.000000
222.427292, 30.447824, 26.558842, 0.000000, 0.000000, 0.000000, 0.000000, 0.000000, 0.000000, 1540.000000
224.136200, 30.366671, 26.599092, 0.000000, 0.000000, 0.000000, 0.000000, 0.000000, 0.000000, 1550.000000
225.774292, 30.288052, 26.637743, 0.000000, 0.000000, 0.000000, 0.000000, 0.000000, 0.000000, 1560.000000
227.368790, 30.211878, 26.674847, 0.000000, 0.000000, 0.000000, 0.000000, 0.000000, 0.000000, 1570.000000
228.938690, 30.138069, 26.710459, 0.000000, 0.000000, 0.000000, 0.000000, 0.000000, 0.000000, 1580.000000
230.496872, 30.066544, 26.744631, 0.000000, 0.000000, 0.000000, 0.000000, 0.000000, 0.000000, 1590.000000
232.051392, 29.997223, 26.777412, 0.000000, 0.000000, 0.000000, 0.000000, 0.000000, 0.000000, 1600.000000
233.608337, 29.930033, 26.808851, 0.000000, 0.000000, 0.000000, 0.000000, 0.000000, 0.000000, 1610.000000
235.170898, 29.864901, 26.838995, 0.000000, 0.000000, 0.000000, 0.000000, 0.000000, 0.000000, 1620.000000
236.743271, 29.801758, 26.867887, 0.000000, 0.000000, 0.000000, 0.000000, 0.000000, 0.000000, 1630.000000
238.330154, 29.740536, 26.895573, 0.000000, 0.000000, 0.000000, 0.000000, 0.000000, 0.000000, 1640.000000
239.930176, 29.681168, 26.922092, 0.000000, 0.000000, 0.000000, 0.000000, 0.000000, 0.000000, 1650.000000
