Time(s), Twind(°C), TMotCase(°C), Flat_i(N), Flat_o(N), Flat_r(N), Frad_i(N), Frad_o(N), Frad_r(N)
0.000000, 25.000000, 25.000000, 0.000000, 0.000000, 0.000000, 0.000000, 0.000000, 0.000000, 0.000000
1.507331, 25.000000, 25.000000, 0.000000, 0.000000, 0.000000, 0.000000, 0.000000, 0.000000, 10.000000
3.045081, 25.000000, 25.000000, 0.000000, 0.000000, 0.000000, 0.000000, 0.000000, 0.000000, 20.000000
4.614261, 25.000000, 25.000000, 0.000000, 0.000000, 0.000000, 0.000000, 0.000000, 0.000000, 30.000000
6.215755, 25.000000, 25.000000, 0.000000, 0.000000, 0.000000, 0.000000, 0.000000, 0.000000, 40.000000
7.850517, 25.000000, 25.000000, 0.000000, 0.000000, 0.000000, 0.000000, 0.000000, 0.000000, 50.000000
9.519831, 25.000000, 25.000000, 0.000000, 0.000000, 0.000000, 0.000000, 0.000000, 0.000000, 60.000000
11.225617, 25.000000, 25.000000, 0.000000, 0.000000, 0.000000, 0.000000, 0.000000, 0.000000, 70.000000
12.970662, 25.000000, 25.000000, 0.000000, 0.000000, 0.000000, 0.000000, 0.000000, 0.000000, 80.000000
14.758695, 25.000000, 25.000000, 0.000000, 0.000000, 0.000000, 0.000000, 0.000000, 0.000000, 90.000000
16.593363, 25.000000, 25.000000, 0.000000, 0.000000, 0.000000, 0.000000, 0.000000, 0.000000, 100.000000
18.475796, 25.000000, 25.000000, 0.000000, 0.000000, 0.000000, 0.000000, 0.000000, 0.000000, 110.000000
20.401978, 25.000000, 25.000000, 0.000000, 0.000000, 0.000000, 0.000000, 0.000000, 0.000000, 120.000000
22.361513, 25.000000, 25.000000, 0.000000, 0.000000, 0.000000, 0.000000, 0.000000, 0.000000, 130.000000
24.337887, 25.000000, 25.000000, 0.000000, 0.000000, 0.000000, 0.000000, 0.000000, 0.000000, 140.000000
26.309641, 25.000000, 25.000000, 0.000000, 0.000000, 0.000000, 0.000000, 0.000000, 0.000000, 150.000000
28.254385, 25.000000, 25.000000, 0.000000, 0.000000, 0.000000, 0.000000, 0.000000, 0.000000, 160.000000
30.153221, 25.000000, 25.000000, 0.000000, 0.000000, 0.000000, 0.000000, 0.000000, 0.000000, 170.000000
31.992878, 25.000000, 25.000000, 0.000000, 0.000000, 0.000000, 0.000000, 0.000000, 0.000000, 180.000000
33.765850, 25.000000, 25.000000, 0.000000, 0.000000, 0.000000, 0.000000, 0.000000, 0.000000, 190.000000
35.462009, 25.000000, 25.000000, 0.000000, 0.000000, 0.000000, 0.000000, 0.000000, 0.000000, 200.000000
37.077621, 25.000000, 25.000000, 0.000000, 0.000000, 0.000000, 0.000000, 0.000000, 0.000000, 210.000000
38.619148, 25.000000, 25.000000, 0.000000, 0.000000, 0.000000, 0.000000, 0.000000, 0.000000, 220.000000
40.092991, 25.000000, 25.000000, 0.000000, 0.000000, 0.000000, 0.000000, 0.000000, 0.000000, 230.000000
41.505390, 25.000000, 25.000000, 0.000000, 0.000000, 0.000000, 0.000000, 0.000000, 0.000000, 240.000000
42.862366, 25.000000, 25.000000, 0.000000, 0.000000, 0.000000, 0.000000, 0.000000, 0.000000, 250.000000
44.169735, 25.000000, 25.000000, 0.000000, 0.000000, 0.000000, 0.000000, 0.000000, 0.000000, 260.000000
45.432987, 25.000000, 25.000000, 0.000000, 0.000000, 0.000000, 0.000000, 0.000000, 0.000000, 270.000000
46.657146, 25.000000, 25.000000, 0.000000, 0.000000, 0.000000, 0.000000, 0.000000, 0.000000, 280.000000
47.846745, 25.000000, 25.000000, 0.000000, 0.000000, 0.000000, 0.000000, 0.000000, 0.000000, 290.000000
49.006042, 25.000000, 25.000000, 0.000000, 0.000000, 0.000000, 0.000000, 0.000000, 0.000000, 300.000000
50.139278, 25.000000, 25.000000, 0.000000, 0.000000, 0.000000, 0.000000, 0.000000, 0.000000, 310.000000
51.250813, 25.000000, 25.000000, 0.000000, 0.000000, 0.000000, 0.000000, 0.000000, 0.000000, 320.000000
52.345142, 25.000000, 25.000000, 0.000000, 0.000000, 0.000000, 0.000000, 0.000000, 0.000000, 330.000000
53.426670, 25.000000, 25.000000, 0.000000, 0.000000, 0.000000, 0.000000, 0.000000, 0.000000, 340.000000
54.499413, 25.000000, 25.000000, 0.000000, 0.000000, 0.000000, 0.000000, 0.000000, 0.000000, 350.000000
55.566734, 25.000000, 25.000000, 0.000000, 0.000000, 0.000000, 0.000000, 0.000000, 0.000000, 360.000000
56.631027, 25.000000, 25.000000, 0.000000, 0.000000, 0.000000, 0.000000, 0.000000, 0.000000, 370.000000
57.693710, 25.000000, 25.000000, 0.000000, 0.000000, 0.000000, 0.000000, 0.000000, 0.000000, 380.000000
58.754883, 25.000000, 25.000000, 0.000000, 0.000000, 0.000000, 0.000000, 0.000000, 0.000000, 390.000000
59.814419, 25.000000, 25.000000, 0.000000, 0.000000, 0.000000, 0.000000, 0.000000, 0.000000, 400.000000
60.872696, 25.000000, 25.000000, 0.000000, 0.000000, 0.000000, 0.000000, 0.000000, 0.000000, 410.000000
61.930084, 25.000000, 25.000000, 0.000000, 0.000000, 0.000000, 0.000000, 0.000000, 0.000000, 420.000000
62.987385, 25.000000, 25.000000, 0.000000, 0.000000, 0.000000, 0.000000, 0.000000, 0.000000, 430.000000
64.045258, 25.000000, 25.000000, 0.000000, 0.000000, 0.000000, 0.000000, 0.000000, 0.000000, 440.000000
65.103920, 25.000000, 25.000000, 0.000000, 0.000000, 0.000000, 0.000000, 0.000000, 0.000000, 450.000000
66.163918, 25.000000, 25.000000, 0.000000, 0.000000, 0.000000, 0.000000, 0.000000, 0.000000, 460.000000
67.225426, 25.000000, 25.000000, 0.000000, 0.000000, 0.000000, 0.000000, 0.000000, 0.000000, 470.000000
68.288795, 25.000000, 25.000000, 0.000000, 0.000000, 0.000000, 0.000000, 0.000000, 0.000000, 480.000000
69.354454, 25.000000, 25.000000, 0.000000, 0.000000, 0.000000, 0.000000, 0.000000, 0.000000, 490.000000
70.422844, 25.000000, 25.000000, 0.000000, 0.000000, 0.000000, 0.000000, 0.000000, 0.000000, 500.000000
71.494514, 25.000000, 25.000000, 0.000000, 0.000000, 0.000000, 0.000000, 0.000000, 0.000000, 510.000000
72.570068, 25.000000, 25.000000, 0.000000, 0.000000, 0.000000, 0.000000, 0.000000, 0.000000, 520.000000
73.650009, 25.000000, 25.000000, 0.000000, 0.000000, 0.000000, 0.000000, 0.000000, 0.000000, 530.000000
74.734764, 25.000000, 25.000000, 0.000000, 0.000000, 0.000000, 0.000000, 0.000000, 0.000000, 540.000000
75.824707, 25.000000, 25.000000, 0.000000, 0.000000, 0.000000, 0.000000, 0.000000, 0.000000, 550.000000
76.920189, 25.000000, 25.000000, 0.000000, 0.000000, 0.000000, 0.000000, 0.000000, 0.000000, 560.000000
78.021629, 25.000000, 25.000000, 0.000000, 0.000000, 0.000000, 0.000000, 0.000000, 0.000000, 570.000000
79.130592, 25.000000, 25.000000, 0.000000, 0.000000, 0.000000, 0.000000, 0.000000, 0.000000, 580.000000
80.249313, 25.000000, 25.000000, 0.000000, 0.000000, 0.000000, 0.000000, 0.000000, 0.000000, 590.000000
81.380234, 25.000000, 25.000000, 0.000000, 0.000000, 0.000000, 0.000000, 0.000000, 0.000000, 600.000000
82.527206, 25.000000, 25.000000, 0.000000, 0.000000, 0.000000, 0.000000, 0.000000, 0.000000, 610.000000
83.695183, 25.000000, 25.000000, 0.000000, 0.000000, 0.000000, 0.000000, 0.000000, 0.000000, 620.000000
84.889343, 25.000000, 25.000000, 0.000000, 0.000000, 0.000000, 0.000000, 0.000000, 0.000000, 630.000000
86.114388, 25.000000, 25.000000, 0.000000, 0.000000, 0.000000, 0.000000, 0.000000, 0.000000, 640.000000
87.374123, 25.000000, 25.000000, 0.000000, 0.000000, 0.000000, 0.000000, 0.000000, 0.000000, 650.000000
88.671310, 25.000000, 25.000000, 0.000000, 0.000000, 0.000000, 0.000000, 0.000000, 0.000000, 660.000000
90.007698, 25.000000, 25.000000, 0.000000, 0.000000, 0.000000, 0.000000, 0.000000, 0.000000, 670.000000
91.384155, 25.000000, 25.000000, 0.000000, 0.000000, 0.000000, 0.000000, 0.000000, 0.000000, 680.000000
92.800865, 25.000000, 25.000000, 0.000000, 0.000000, 0.000000, 0.000000, 0.000000, 0.000000, 690.000000
94.257439, 25.000000, 25.000000, 0.000000, 0.000000, 0.000000, 0.000000, 0.000000, 0.000000, 700.000000
95.752495, 25.000000, 25.000000, 0.000000, 0.000000, 0.000000, 0.000000, 0.000000, 0.000000, 710.000000
97.282455, 25.000000, 25.000000, 0.000000, 0.000000, 0.000000, 0.000000, 0.000000, 0.000000, 720.000000
98.840675, 25.000000, 25.000000, 0.000000, 0.000000, 0.000000, 0.000000, 0.000000, 0.000000, 730.000000
100.418091, 25.000000, 25.000000, 0.000000, 0.000000, 0.000000, 0.000000, 0.000000, 0.000000, 740.000000
102.005226, 25.000000, 25.000000, 0.000000, 0.000000, 0.000000, 0.000000, 0.000000, 0.000000, 750.000000
103.594513, 25.000000, 25.000000, 0.000000, 0.000000, 0.000000, 0.000000, 0.000000, 0.000000, 760.000000
105.184616, 25.000000, 25.000000, 0.000000, 0.000000, 0.000000, 0.000000, 0.000000, 0.000000, 770.000000
106.774490, 25.000000, 25.000000, 0.000000, 0.000000, 0.000000, 0.000000, 0.000000, 0.000000, 780.000000
108.366638, 25.000000, 25.000000, 0.000000, 0.000000, 0.000000, 0.000000, 0.000000, 0.000000, 790.000000
109.960228, 25.000000, 25.000000, 0.000000, 0.000000, 0.000000, 0.000000, 0.000000, 0.000000, 800.000000
111.551506, 25.000000, 25.000000, 0.000000, 0.000000, 0.000000, 0.000000, 0.000000, 0.000000, 810.000000
113.137978, 25.000000, 25.000000, 0.000000, 0.000000, 0.000000, 0.000000, 0.000000, 0.000000, 820.000000
114.718285, 25.000000, 25.000000, 0.000000, 0.000000, 0.000000, 0.000000, 0.000000, 0.000000, 830.000000
116.292191, 25.000000, 25.000000, 0.000000, 0.000000, 0.000000, 0.000000, 0.000000, 0.000000, 840.000000
117.859528, 25.000000, 25.000000, 0.000000, 0.000000, 0.000000, 0.000000, 0.000000, 0.000000, 850.000000
119.419456, 25.000000, 25.000000, 0.000000, 0.000000, 0.000000, 0.000000, 0.000000, 0.000000, 860.000000
120.970261, 25.000000, 25.000000, 0.000000, 0.000000, 0.000000, 0.000000, 0.000000, 0.000000, 870.000000
122.509605, 25.000000, 25.000000, 0.000000, 0.000000, 0.000000, 0.000000, 0.000000, 0.000000, 880.000000
124.035065, 25.000000, 25.000000, 0.000000, 0.000000, 0.000000, 0.000000, 0.000000, 0.000000, 890.000000
125.544777, 25.000000, 25.000000, 0.000000, 0.000000, 0.000000, 0.000000, 0.000000, 0.000000, 900.000000
127.037636, 25.000000, 25.000000, 0.000000, 0.000000, 0.000000, 0.000000, 0.000000, 0.000000, 910.000000
128.513351, 25.000000, 25.000000, 0.000000, 0.000000, 0.000000, 0.000000, 0.000000, 0.000000, 920.000000
129.972260, 25.000000, 25.000000, 0.000000, 0.000000, 0.000000, 0.000000, 0.000000, 0.000000, 930.000000
131.415100, 25.000000, 25.000000, 0.000000, 0.000000, 0.000000, 0.000000, 0.000000, 0.000000, 940.000000
132.842789, 25.000000, 25.000000, 0.000000, 0.000000, 0.000000, 0.000000, 0.000000, 0.000000, 950.000000
134.256943, 25.000000, 25.000000, 0.000000, 0.000000, 0.000000, 0.000000, 0.000000, 0.000000, 960.000000
135.659210, 25.000000, 25.000000, 0.000000, 0.000000, 0.000000, 0.000000, 0.000000, 0.000000, 970.000000
137.050644, 25.000000, 25.000000, 0.000000, 0.000000, 0.000000, 0.000000, 0.000000, 0.000000, 980.000000
138.432251, 25.000000, 25.000000, 0.000000, 0.000000, 0.000000, 0.000000, 0.000000, 0.000000, 990.000000
139.804901, 25.000000, 25.000000, 0.000000, 0.000000, 0.000000, 0.000000, 0.000000, 0.000000, 1000.000000
141.169312, 25.000000, 25.000000, 0.000000, 0.000000, 0.000000, 0.000000, 0.000000, 0.000000, 1010.000000
142.526001, 25.000000, 25.000000, 0.000000, 0.000000, 0.000000, 0.000000, 0.000000, 0.000000, 1020.000000
143.875351, 25.000000, 25.000000, 0.000000, 0.000000, 0.000000, 0.000000, 0.000000, 0.000000, 1030.000000
145.217651, 25.000000, 25.000000, 0.000000, 0.000000, 0.000000, 0.000000, 0.000000, 0.000000, 1040.000000
146.553131, 25.000000, 25.000000, 0.000000, 0.000000, 0.000000, 0.000000, 0.000000, 0.000000, 1050.000000
147.881943, 25.000000, 25.000000, 0.000000, 0.000000, 0.000000, 0.000000, 0.000000, 0.000000, 1060.000000
149.204193, 25.000000, 25.000000, 0.000000, 0.000000, 0.000000, 0.000000, 0.000000, 0.000000, 1070.000000
150.519836, 25.000000, 25.000000, 0.000000, 0.000000, 0.000000, 0.000000, 0.000000, 0.000000, 1080.000000
151.828690, 25.000000, 25.000000, 0.000000, 0.000000, 0.000000, 0.000000, 0.000000, 0.000000, 1090.000000
153.130478, 25.000000, 25.000000, 0.000000, 0.000000, 0.000000, 0.000000, 0.000000, 0.000000, 1100.000000
154.424881, 25.000000, 25.000000, 0.000000, 0.000000, 0.000000, 0.000000, 0.000000, 0.000000, 1110.000000
155.711594, 25.000000, 25.000000, 0.000000, 0.000000, 0.000000, 0.000000, 0.000000, 0.000000, 1120.000000
156.990433, 25.000000, 25.000000, 0.000000, 0.000000, 0.000000, 0.000000, 0.000000, 0.000000, 1130.000000
158.261383, 25.000000, 25.000000, 0.000000, 0.000000, 0.000000, 0.000000, 0.000000, 0.000000, 1140.000000
159.527588, 25.000000, 25.000000, 0.000000, 0.000000, 0.000000, 0.000000, 0.000000, 0.000000, 1150.000000
160.795792, 25.000000, 25.000000, 0.000000, 0.000000, 0.000000, 0.000000, 0.000000, 0.000000, 1160.000000
162.075089, 25.000000, 25.000000, 0.000000, 0.000000, 0.000000, 0.000000, 0.000000, 0.000000, 1170.000000
163.377975, 25.000000, 25.000000, 0.000000, 0.000000, 0.000000, 0.000000, 0.000000, 0.000000, 1180.000000
164.720612, 25.000000, 25.000000, 0.000000, 0.000000, 0.000000, 0.000000, 0.000000, 0.000000, 1190.000000
166.123993, 25.000000, 25.000000, 0.000000, 0.000000, 0.000000, 0.000000, 0.000000, 0.000000, 1200.000000
167.616669, 25.576262, 25.000000, 0.000000, 0.000000, 0.000000, 0.000000, 0.000000, 0.000000, 1210.000000
169.116623, 26.170811, 25.006859, 0.000000, 0.000000, 0.000000, 0.000000, 0.000000, 0.000000, 1220.000000
170.537033, 26.779449, 25.020687, 0.000000, 0.000000, 0.000000, 0.000000, 0.000000, 0.000000, 1230.000000
171.899750, 27.398895, 25.041540, 0.000000, 0.000000, 0.000000, 0.000000, 0.000000, 0.000000, 1240.000000
173.219528, 28.026545, 25.069439, 0.000000, 0.000000, 0.000000, 0.000000, 0.000000, 0.000000, 1250.000000
174.506760, 28.660332, 25.104368, 0.000000, 0.000000, 0.000000, 0.000000, 0.000000, 0.000000, 1260.000000
175.768967, 29.298628, 25.146290, 0.000000, 0.000000, 0.000000, 0.000000, 0.000000, 0.000000, 1270.000000
177.011612, 29.940214, 25.195147, 0.000000, 0.000000, 0.000000, 0.000000, 0.000000, 0.000000, 1280.000000
178.238510, 30.584307, 25.250870, 0.000000, 0.000000, 0.000000, 0.000000, 0.000000, 0.000000, 1290.000000
179.451996, 30.982470, 25.313379, 0.000000, 0.000000, 0.000000, 0.000000, 0.000000, 0.000000, 1300.000000
180.671799, 31.617008, 25.379642, 0.000000, 0.000000, 0.000000, 0.000000, 0.000000, 0.000000, 1310.000000
181.897781, 31.486851, 25.452414, 0.000000, 0.000000, 0.000000, 0.000000, 0.000000, 0.000000, 1320.000000
183.176773, 31.360928, 25.522488, 0.000000, 0.000000, 0.000000, 0.000000, 0.000000, 0.000000, 1330.000000
184.595291, 31.239094, 25.589956, 0.000000, 0.000000, 0.000000, 0.000000, 0.000000, 0.000000, 1340.000000
186.191422, 31.121210, 25.654911, 0.000000, 0.000000, 0.000000, 0.000000, 0.000000, 0.000000, 1350.000000
188.019485, 31.007143, 25.717438, 0.000000, 0.000000, 0.000000, 0.000000, 0.000000, 0.000000, 1360.000000
190.151489, 30.896761, 25.777620, 0.000000, 0.000000, 0.000000, 0.000000, 0.000000, 0.000000, 1370.000000
192.676056, 30.789938, 25.835539, 0.000000, 0.000000, 0.000000, 0.000000, 0.000000, 0.000000, 1380.000000
195.669952, 30.686552, 25.891273, 0.000000, 0.000000, 0.000000, 0.000000, 0.000000, 0.000000, 1390.000000
199.099503, 30.586487, 25.944897, 0.000000, 0.000000, 0.000000, 0.000000, 0.000000, 0.000000, 1400.000000
202.697220, 30.489628, 25.996483, 0.000000, 0.000000, 0.000000, 0.000000, 0.000000, 0.000000, 1410.000000
206.077118, 30.395866, 26.046103, 0.000000, 0.000000, 0.000000, 0.000000, 0.000000, 0.000000, 1420.000000
209.033585, 30.305098, 26.093824, 0.000000, 0.000000, 0.000000, 0.000000, 0.000000, 0.000000, 1430.000000
211.576569, 30.217218, 26.139713, 0.000000, 0.000000, 0.000000, 0.000000, 0.000000, 0.000000, 1440.000000
213.794296, 30.132132, 26.183832, 0.000000, 0.000000, 0.000000, 0.000000, 0.000000, 0.000000, 1450.000000
215.774384, 30.049740, 26.226242, 0.000000, 0.000000, 0.000000, 0.000000, 0.000000, 0.000000, 1460.000000
217.585632, 29.969954, 26.267002, 0.000000, 0.000000, 0.000000, 0.000000, 0.000000, 0.000000, 1470.000000
219.279495, 29.892683, 26.306170, 0.000000, 0.000000, 0.000000, 0.000000, 0.000000, 0.000000, 1480.000000
220.894516, 29.817841, 26.343800, 0.000000, 0.000000, 0.000000, 0.000000, 0.000000, 0.000000, 1490.000000
222.459854, 29.745346, 26.379944, 0.000000, 0.000000, 0.000000, 0.000000, 0.000000, 0.000000, 1500.000000
224.023041, 29.675119, 26.414656, 0.000000, 0.000000, 0.000000, 0.000000, 0.000000, 0.000000, 1510.000000
225.619858, 29.607082, 26.447985, 0.000000, 0.000000, 0.000000, 0.000000, 0.000000, 0.000000, 1520.000000
227.251617, 29.541161, 26.479977, 0.000000, 0.000000, 0.000000, 0.000000, 0.000000, 0.000000, 1530.000000
228.919495, 29.477282, 26.510679, 0.000000, 0.000000, 0.000000, 0.000000, 0.000000, 0.000000, 1540.000000
230.624649, 29.415377, 26.540138, 0.000000, 0.000000, 0.000000, 0.000000, 0.000000, 0.000000, 1550.000000
232.368561, 29.355377, 26.568396, 0.000000, 0.000000, 0.000000, 0.000000, 0.000000, 0.000000, 1560.000000
