Time(s), Twind(°C), TMotCase(°C), Flat_i(N), Flat_o(N), Flat_r(N), Frad_i(N), Frad_o(N), Frad_r(N)
0.000000, 25.000000, 25.000000, 0.000000, 0.000000, 0.000000, 0.000000, 0.000000, 0.000000, 0.000000
1.604739, 25.000000, 25.000000, 0.000000, 0.000000, 0.000000, 0.000000, 0.000000, 0.000000, 10.000000
3.245489, 25.000000, 25.000000, 0.000000, 0.000000, 0.000000, 0.000000, 0.000000, 0.000000, 20.000000
4.923686, 25.000000, 25.000000, 0.000000, 0.000000, 0.000000, 0.000000, 0.000000, 0.000000, 30.000000
6.640634, 25.000000, 25.000000, 0.000000, 0.000000, 0.000000, 0.000000, 0.000000, 0.000000, 40.000000
8.397703, 25.000000, 25.000000, 0.000000, 0.000000, 0.000000, 0.000000, 0.000000, 0.000000, 50.000000
10.196636, 25.000000, 25.000000, 0.000000, 0.000000, 0.000000, 0.000000, 0.000000, 0.000000, 60.000000
12.039858, 25.000000, 25.000000, 0.000000, 0.000000, 0.000000, 0.000000, 0.000000, 0.000000, 70.000000
13.930752, 25.000000, 25.000000, 0.000000, 0.000000, 0.000000, 0.000000, 0.000000, 0.000000, 80.000000
15.873777, 25.000000, 25.000000, 0.000000, 0.000000, 0.000000, 0.000000, 0.000000, 0.000000, 90.000000
17.873257, 25.000000, 25.000000, 0.000000, 0.000000, 0.000000, 0.000000, 0.000000, 0.000000, 100.000000
19.930250, 25.000000, 25.000000, 0.000000, 0.000000, 0.000000, 0.000000, 0.000000, 0.000000, 110.000000
22.039083, 25.000000, 25.000000, 0.000000, 0.000000, 0.000000, 0.000000, 0.000000, 0.000000, 120.000000
24.185656, 25.000000, 25.000000, 0.000000, 0.000000, 0.000000, 0.000000, 0.000000, 0.000000, 130.000000
26.347958, 25.000000, 25.000000, 0.000000, 0.000000, 0.000000, 0.000000, 0.000000, 0.000000, 140.000000
28.498510, 25.000000, 25.000000, 0.000000, 0.000000, 0.000000, 0.000000, 0.000000, 0.000000, 150.000000
30.609694, 25.000000, 25.000000, 0.000000, 0.000000, 0.000000, 0.000000, 0.000000, 0.000000, 160.000000
32.659245, 25.000000, 25.000000, 0.000000, 0.000000, 0.000000, 0.000000, 0.000000, 0.000000, 170.000000
34.632584, 25.000000, 25.000000, 0.000000, 0.000000, 0.000000, 0.000000, 0.000000, 0.000000, 180.000000
36.522575, 25.000000, 25.000000, 0.000000, 0.000000, 0.000000, 0.000000, 0.000000, 0.000000, 190.000000
38.319160, 25.000000, 25.000000, 0.000000, 0.000000, 0.000000, 0.000000, 0.000000, 0.000000, 200.000000
40.019936, 25.000000, 25.000000, 0.000000, 0.000000, 0.000000, 0.000000, 0.000000, 0.000000, 210.000000
41.634102, 25.000000, 25.000000, 0.000000, 0.000000, 0.000000, 0.000000, 0.000000, 0.000000, 220.000000
43.170303, 25.000000, 25.000000, 0.000000, 0.000000, 0.000000, 0.000000, 0.000000, 0.000000, 230.000000
44.636604, 25.000000, 25.000000, 0.000000, 0.000000, 0.000000, 0.000000, 0.000000, 0.000000, 240.000000
46.040512, 25.000000, 25.000000, 0.000000, 0.000000, 0.000000, 0.000000, 0.000000, 0.000000, 250.000000
47.389069, 25.000000, 25.000000, 0.000000, 0.000000, 0.000000, 0.000000, 0.000000, 0.000000, 260.000000
48.688793, 25.000000, 25.000000, 0.000000, 0.000000, 0.000000, 0.000000, 0.000000, 0.000000, 270.000000
49.945545, 25.000000, 25.000000, 0.000000, 0.000000, 0.000000, 0.000000, 0.000000, 0.000000, 280.000000
51.164558, 25.000000, 25.000000, 0.000000, 0.000000, 0.000000, 0.000000, 0.000000, 0.000000, 290.000000
52.350655, 25.000000, 25.000000, 0.000000, 0.000000, 0.000000, 0.000000, 0.000000, 0.000000, 300.000000
53.508507, 25.000000, 25.000000, 0.000000, 0.000000, 0.000000, 0.000000, 0.000000, 0.000000, 310.000000
54.642822, 25.000000, 25.000000, 0.000000, 0.000000, 0.000000, 0.000000, 0.000000, 0.000000, 320.000000
55.758366, 25.000000, 25.000000, 0.000000, 0.000000, 0.000000, 0.000000, 0.000000, 0.000000, 330.000000
56.859749, 25.000000, 25.000000, 0.000000, 0.000000, 0.000000, 0.000000, 0.000000, 0.000000, 340.000000
57.951160, 25.000000, 25.000000, 0.000000, 0.000000, 0.000000, 0.000000, 0.000000, 0.000000, 350.000000
59.036091, 25.000000, 25.000000, 0.000000, 0.000000, 0.000000, 0.000000, 0.000000, 0.000000, 360.000000
60.117111, 25.000000, 25.000000, 0.000000, 0.000000, 0.000000, 0.000000, 0.000000, 0.000000, 370.000000
61.195683, 25.000000, 25.000000, 0.000000, 0.000000, 0.000000, 0.000000, 0.000000, 0.000000, 380.000000
62.272186, 25.000000, 25.000000, 0.000000, 0.000000, 0.000000, 0.000000, 0.000000, 0.000000, 390.000000
63.346558, 25.000000, 25.000000, 0.000000, 0.000000, 0.000000, 0.000000, 0.000000, 0.000000, 400.000000
64.419281, 25.000000, 25.000000, 0.000000, 0.000000, 0.000000, 0.000000, 0.000000, 0.000000, 410.000000
65.491119, 25.000000, 25.000000, 0.000000, 0.000000, 0.000000, 0.000000, 0.000000, 0.000000, 420.000000
66.562012, 25.000000, 25.000000, 0.000000, 0.000000, 0.000000, 0.000000, 0.000000, 0.000000, 430.000000
67.633705, 25.000000, 25.000000, 0.000000, 0.000000, 0.000000, 0.000000, 0.000000, 0.000000, 440.000000
68.706108, 25.000000, 25.000000, 0.000000, 0.000000, 0.000000, 0.000000, 0.000000, 0.000000, 450.000000
69.779739, 25.000000, 25.000000, 0.000000, 0.000000, 0.000000, 0.000000, 0.000000, 0.000000, 460.000000
70.854828, 25.000000, 25.000000, 0.000000, 0.000000, 0.000000, 0.000000, 0.000000, 0.000000, 470.000000
71.931671, 25.000000, 25.000000, 0.000000, 0.000000, 0.000000, 0.000000, 0.000000, 0.000000, 480.000000
73.010742, 25.000000, 25.000000, 0.000000, 0.000000, 0.000000, 0.000000, 0.000000, 0.000000, 490.000000
74.092514, 25.000000, 25.000000, 0.000000, 0.000000, 0.000000, 0.000000, 0.000000, 0.000000, 500.000000
75.177574, 25.000000, 25.000000, 0.000000, 0.000000, 0.000000, 0.000000, 0.000000, 0.000000, 510.000000
76.266518, 25.000000, 25.000000, 0.000000, 0.000000, 0.000000, 0.000000, 0.000000, 0.000000, 520.000000
77.359886, 25.000000, 25.000000, 0.000000, 0.000000, 0.000000, 0.000000, 0.000000, 0.000000, 530.000000
78.458138, 25.000000, 25.000000, 0.000000, 0.000000, 0.000000, 0.000000, 0.000000, 0.000000, 540.000000
79.561668, 25.000000, 25.000000, 0.000000, 0.000000, 0.000000, 0.000000, 0.000000, 0.000000, 550.000000
80.670815, 25.000000, 25.000000, 0.000000, 0.000000, 0.000000, 0.000000, 0.000000, 0.000000, 560.000000
81.786026, 25.000000, 25.000000, 0.000000, 0.000000, 0.000000, 0.000000, 0.000000, 0.000000, 570.000000
82.908943, 25.000000, 25.000000, 0.000000, 0.000000, 0.000000, 0.000000, 0.000000, 0.000000, 580.000000
84.041862, 25.000000, 25.000000, 0.000000, 0.000000, 0.000000, 0.000000, 0.000000, 0.000000, 590.000000
85.187271, 25.000000, 25.000000, 0.000000, 0.000000, 0.000000, 0.000000, 0.000000, 0.000000, 600.000000
86.349068, 25.000000, 25.000000, 0.000000, 0.000000, 0.000000, 0.000000, 0.000000, 0.000000, 610.000000
87.532257, 25.000000, 25.000000, 0.000000, 0.000000, 0.000000, 0.000000, 0.000000, 0.000000, 620.000000
88.742058, 25.000000, 25.000000, 0.000000, 0.000000, 0.000000, 0.000000, 0.000000, 0.000000, 630.000000
89.983192, 25.000000, 25.000000, 0.000000, 0.000000, 0.000000, 0.000000, 0.000000, 0.000000, 640.000000
91.259476, 25.000000, 25.000000, 0.000000, 0.000000, 0.000000, 0.000000, 0.000000, 0.000000, 650.000000
92.573654, 25.000000, 25.000000, 0.000000, 0.000000, 0.000000, 0.000000, 0.000000, 0.000000, 660.000000
93.927444, 25.000000, 25.000000, 0.000000, 0.000000, 0.000000, 0.000000, 0.000000, 0.000000, 670.000000
95.321686, 25.000000, 25.000000, 0.000000, 0.000000, 0.000000, 0.000000, 0.000000, 0.000000, 680.000000
96.756500, 25.000000, 25.000000, 0.000000, 0.000000, 0.000000, 0.000000, 0.000000, 0.000000, 690.000000
98.231445, 25.000000, 25.000000, 0.000000, 0.000000, 0.000000, 0.000000, 0.000000, 0.000000, 700.000000
99.745071, 25.000000, 25.000000, 0.000000, 0.000000, 0.000000, 0.000000, 0.000000, 0.000000, 710.000000
101.293694, 25.000000, 25.000000, 0.000000, 0.000000, 0.000000, 0.000000, 0.000000, 0.000000, 720.000000
102.870529, 25.000000, 25.000000, 0.000000, 0.000000, 0.000000, 0.000000, 0.000000, 0.000000, 730.000000
104.466331, 25.000000, 25.000000, 0.000000, 0.000000, 0.000000, 0.000000, 0.000000, 0.000000, 740.000000
106.071472, 25.000000, 25.000000, 0.000000, 0.000000, 0.000000, 0.000000, 0.000000, 0.000000, 750.000000
107.678253, 25.000000, 25.000000, 0.000000, 0.000000, 0.000000, 0.000000, 0.000000, 0.000000, 760.000000
109.283890, 25.000000, 25.000000, 0.000000, 0.000000, 0.000000, 0.000000, 0.000000, 0.000000, 770.000000
110.889908, 25.000000, 25.000000, 0.000000, 0.000000, 0.000000, 0.000000, 0.000000, 0.000000, 780.000000
112.497452, 25.000000, 25.000000, 0.000000, 0.000000, 0.000000, 0.000000, 0.000000, 0.000000, 790.000000
114.105499, 25.000000, 25.000000, 0.000000, 0.000000, 0.000000, 0.000000, 0.000000, 0.000000, 800.000000
115.711014, 25.000000, 25.000000, 0.000000, 0.000000, 0.000000, 0.000000, 0.000000, 0.000000, 810.000000
117.311195, 25.000000, 25.000000, 0.000000, 0.000000, 0.000000, 0.000000, 0.000000, 0.000000, 820.000000
118.904694, 25.000000, 25.000000, 0.000000, 0.000000, 0.000000, 0.000000, 0.000000, 0.000000, 830.000000
120.491402, 25.000000, 25.000000, 0.000000, 0.000000, 0.000000, 0.000000, 0.000000, 0.000000, 840.000000
122.071213, 25.000000, 25.000000, 0.000000, 0.000000, 0.000000, 0.000000, 0.000000, 0.000000, 850.000000
123.643272, 25.412394, 25.000000, 0.000000, 0.000000, 0.000000, 0.000000, 0.000000, 0.000000, 860.000000
125.125450, 25.866032, 25.004910, 0.000000, 0.000000, 0.000000, 0.000000, 0.000000, 0.000000, 870.000000
126.464516, 25.848063, 25.015141, 0.000000, 0.000000, 0.000000, 0.000000, 0.000000, 0.000000, 880.000000
127.739784, 25.830681, 25.024996, 0.000000, 0.000000, 0.000000, 0.000000, 0.000000, 0.000000, 890.000000
129.007553, 25.813868, 25.034489, 0.000000, 0.000000, 0.000000, 0.000000, 0.000000, 0.000000, 900.000000
130.266953, 25.797604, 25.043633, 0.000000, 0.000000, 0.000000, 0.000000, 0.000000, 0.000000, 910.000000
131.517609, 25.781870, 25.052437, 0.000000, 0.000000, 0.000000, 0.000000, 0.000000, 0.000000, 920.000000
132.759521, 25.766649, 25.060915, 0.000000, 0.000000, 0.000000, 0.000000, 0.000000, 0.000000, 930.000000
133.992935, 25.751923, 25.069078, 0.000000, 0.000000, 0.000000, 0.000000, 0.000000, 0.000000, 940.000000
135.218307, 25.737673, 25.076939, 0.000000, 0.000000, 0.000000, 0.000000, 0.000000, 0.000000, 950.000000
136.436432, 25.723885, 25.084505, 0.000000, 0.000000, 0.000000, 0.000000, 0.000000, 0.000000, 960.000000
137.648270, 25.710543, 25.091787, 0.000000, 0.000000, 0.000000, 0.000000, 0.000000, 0.000000, 970.000000
138.854385, 25.697630, 25.098797, 0.000000, 0.000000, 0.000000, 0.000000, 0.000000, 0.000000, 980.000000
140.055328, 25.685133, 25.105541, 0.000000, 0.000000, 0.000000, 0.000000, 0.000000, 0.000000, 990.000000
141.251602, 25.673038, 25.112032, 0.000000, 0.000000, 0.000000, 0.000000, 0.000000, 0.000000, 1000.000000
142.443604, 25.661331, 25.118275, 0.000000, 0.000000, 0.000000, 0.000000, 0.000000, 0.000000, 1010.000000
143.631668, 25.650000, 25.124281, 0.000000, 0.000000, 0.000000, 0.000000, 0.000000, 0.000000, 1020.000000
144.815979, 25.639029, 25.130056, 0.000000, 0.000000, 0.000000, 0.000000, 0.000000, 0.000000, 1030.000000
145.996796, 25.628408, 25.135611, 0.000000, 0.000000, 0.000000, 0.000000, 0.000000, 0.000000, 1040.000000
147.174179, 25.618126, 25.140951, 0.000000, 0.000000, 0.000000, 0.000000, 0.000000, 0.000000, 1050.000000
148.348267, 25.608168, 25.146086, 0.000000, 0.000000, 0.000000, 0.000000, 0.000000, 0.000000, 1060.000000
149.519165, 25.598526, 25.151020, 0.000000, 0.000000, 0.000000, 0.000000, 0.000000, 0.000000, 1070.000000
150.686783, 25.589188, 25.155762, 0.000000, 0.000000, 0.000000, 0.000000, 0.000000, 0.000000, 1080.000000
151.851074, 25.580143, 25.160316, 0.000000, 0.000000, 0.000000, 0.000000, 0.000000, 0.000000, 1090.000000
153.011795, 25.571383, 25.164692, 0.000000, 0.000000, 0.000000, 0.000000, 0.000000, 0.000000, 1100.000000
154.168762, 25.562897, 25.168894, 0.000000, 0.000000, 0.000000, 0.000000, 0.000000, 0.000000, 1110.000000
155.321732, 25.554674, 25.172930, 0.000000, 0.000000, 0.000000, 0.000000, 0.000000, 0.000000, 1120.000000
156.470566, 25.546707, 25.176804, 0.000000, 0.000000, 0.000000, 0.000000, 0.000000, 0.000000, 1130.000000
157.615219, 25.538988, 25.180521, 0.000000, 0.000000, 0.000000, 0.000000, 0.000000, 0.000000, 1140.000000
158.757996, 25.531507, 25.184088, 0.000000, 0.000000, 0.000000, 0.000000, 0.000000, 0.000000, 1150.000000
159.903839, 25.524258, 25.187510, 0.000000, 0.000000, 0.000000, 0.000000, 0.000000, 0.000000, 1160.000000
161.059494, 25.517231, 25.190792, 0.000000, 0.000000, 0.000000, 0.000000, 0.000000, 0.000000, 1170.000000
162.234100, 25.510420, 25.193939, 0.000000, 0.000000, 0.000000, 0.000000, 0.000000, 0.000000, 1180.000000
163.439301, 25.503817, 25.196955, 0.000000, 0.000000, 0.000000, 0.000000, 0.000000, 0.000000, 1190.000000
164.689621, 25.497414, 25.199844, 0.000000, 0.000000, 0.000000, 0.000000, 0.000000, 0.000000, 1200.000000
166.003738, 25.491203, 25.202612, 0.000000, 0.000000, 0.000000, 0.000000, 0.000000, 0.000000, 1210.000000
167.406998, 25.485182, 25.205261, 0.000000, 0.000000, 0.000000, 0.000000, 0.000000, 0.000000, 1220.000000
168.936874, 25.479342, 25.207798, 0.000000, 0.000000, 0.000000, 0.000000, 0.000000, 0.000000, 1230.000000
170.655594, 25.999271, 25.210226, 0.000000, 0.000000, 0.000000, 0.000000, 0.000000, 0.000000, 1240.000000
172.456894, 26.528639, 25.218803, 0.000000, 0.000000, 0.000000, 0.000000, 0.000000, 0.000000, 1250.000000
174.187347, 27.064535, 25.233547, 0.000000, 0.000000, 0.000000, 0.000000, 0.000000, 0.000000, 1260.000000
175.866669, 27.604725, 25.254436, 0.000000, 0.000000, 0.000000, 0.000000, 0.000000, 0.000000, 1270.000000
177.508331, 28.147532, 25.281425, 0.000000, 0.000000, 0.000000, 0.000000, 0.000000, 0.000000, 1280.000000
179.121368, 28.691860, 25.314449, 0.000000, 0.000000, 0.000000, 0.000000, 0.000000, 0.000000, 1290.000000
180.711197, 29.237230, 25.353432, 0.000000, 0.000000, 0.000000, 0.000000, 0.000000, 0.000000, 1300.000000
182.280243, 29.783707, 25.398291, 0.000000, 0.000000, 0.000000, 0.000000, 0.000000, 0.000000, 1310.000000
183.828735, 30.331776, 25.448946, 0.000000, 0.000000, 0.000000, 0.000000, 0.000000, 0.000000, 1320.000000
185.355545, 30.882198, 25.505325, 0.000000, 0.000000, 0.000000, 0.000000, 0.000000, 0.000000, 1330.000000
186.852356, 30.769997, 25.567368, 0.000000, 0.000000, 0.000000, 0.000000, 0.000000, 0.000000, 1340.000000
188.421600, 30.661430, 25.627094, 0.000000, 0.000000, 0.000000, 0.000000, 0.000000, 0.000000, 1350.000000
190.209854, 30.556376, 25.684587, 0.000000, 0.000000, 0.000000, 0.000000, 0.000000, 0.000000, 1360.000000
192.279816, 30.454714, 25.739923, 0.000000, 0.000000, 0.000000, 0.000000, 0.000000, 0.000000, 1370.000000
194.703796, 30.356327, 25.793177, 0.000000, 0.000000, 0.000000, 0.000000, 0.000000, 0.000000, 1380.000000
197.535110, 30.261105, 25.844418, 0.000000, 0.000000, 0.000000, 0.000000, 0.000000, 0.000000, 1390.000000
200.728577, 30.168940, 25.893717, 0.000000, 0.000000, 0.000000, 0.000000, 0.000000, 0.000000, 1400.000000
204.058746, 30.079727, 25.941141, 0.000000, 0.000000, 0.000000, 0.000000, 0.000000, 0.000000, 1410.000000
207.214813, 29.993364, 25.986755, 0.000000, 0.000000, 0.000000, 0.000000, 0.000000, 0.000000, 1420.000000
210.018661, 29.909756, 26.030622, 0.000000, 0.000000, 0.000000, 0.000000, 0.000000, 0.000000, 1430.000000
212.463303, 29.828808, 26.072802, 0.000000, 0.000000, 0.000000, 0.000000, 0.000000, 0.000000, 1440.000000
214.615585, 29.750429, 26.113352, 0.000000, 0.000000, 0.000000, 0.000000, 0.000000, 0.000000, 1450.000000
216.549316, 29.674532, 26.152330, 0.000000, 0.000000, 0.000000, 0.000000, 0.000000, 0.000000, 1460.000000
218.325577, 29.601032, 26.189791, 0.000000, 0.000000, 0.000000, 0.000000, 0.000000, 0.000000, 1470.000000
219.991547, 29.529848, 26.225784, 0.000000, 0.000000, 0.000000, 0.000000, 0.000000, 0.000000, 1480.000000
221.583298, 29.460901, 26.260363, 0.000000, 0.000000, 0.000000, 0.000000, 0.000000, 0.000000, 1490.000000
223.128510, 29.394114, 26.293575, 0.000000, 0.000000, 0.000000, 0.000000, 0.000000, 0.000000, 1500.000000
224.672318, 29.329412, 26.325468, 0.000000, 0.000000, 0.000000, 0.000000, 0.000000, 0.000000, 1510.000000
226.248627, 29.266727, 26.356089, 0.000000, 0.000000, 0.000000, 0.000000, 0.000000, 0.000000, 1520.000000
227.858688, 29.205990, 26.385479, 0.000000, 0.000000, 0.000000, 0.000000, 0.000000, 0.000000, 1530.000000
229.503571, 29.147133, 26.413683, 0.000000, 0.000000, 0.000000, 0.000000, 0.000000, 0.000000, 1540.000000
231.184372, 29.090092, 26.440742, 0.000000, 0.000000, 0.000000, 0.000000, 0.000000, 0.000000, 1550.000000
232.902466, 29.034807, 26.466696, 0.000000, 0.000000, 0.000000, 0.000000, 0.000000, 0.000000, 1560.000000
