Time(s), Twind(°C), TMotCase(°C), Flat_i(N), Flat_o(N), Flat_r(N), Frad_i(N), Frad_o(N), Frad_r(N)
0.000000, 25.000000, 25.000000, 0.000000, 0.000000, 0.000000, 0.000000, 0.000000, 0.000000, 0.000000
1.484809, 25.000000, 25.000000, 0.000000, 0.000000, 0.000000, 0.000000, 0.000000, 0.000000, 10.000000
2.998840, 25.000000, 25.000000, 0.000000, 0.000000, 0.000000, 0.000000, 0.000000, 0.000000, 20.000000
4.543020, 25.000000, 25.000000, 0.000000, 0.000000, 0.000000, 0.000000, 0.000000, 0.000000, 30.000000
6.118162, 25.000000, 25.000000, 0.000000, 0.000000, 0.000000, 0.000000, 0.000000, 0.000000, 40.000000
7.725132, 25.000000, 25.000000, 0.000000, 0.000000, 0.000000, 0.000000, 0.000000, 0.000000, 50.000000
9.365140, 25.000000, 25.000000, 0.000000, 0.000000, 0.000000, 0.000000, 0.000000, 0.000000, 60.000000
11.040008, 25.000000, 25.000000, 0.000000, 0.000000, 0.000000, 0.000000, 0.000000, 0.000000, 70.000000
12.752419, 25.000000, 25.000000, 0.000000, 0.000000, 0.000000, 0.000000, 0.000000, 0.000000, 80.000000
14.505964, 25.000000, 25.000000, 0.000000, 0.000000, 0.000000, 0.000000, 0.000000, 0.000000, 90.000000
16.304184, 25.000000, 25.000000, 0.000000, 0.000000, 0.000000, 0.000000, 0.000000, 0.000000, 100.000000
18.148243, 25.000000, 25.000000, 0.000000, 0.000000, 0.000000, 0.000000, 0.000000, 0.000000, 110.000000
20.034456, 25.000000, 25.000000, 0.000000, 0.000000, 0.000000, 0.000000, 0.000000, 0.000000, 120.000000
21.953165, 25.000000, 25.000000, 0.000000, 0.000000, 0.000000, 0.000000, 0.000000, 0.000000, 130.000000
23.888908, 25.000000, 25.000000, 0.000000, 0.000000, 0.000000, 0.000000, 0.000000, 0.000000, 140.000000
25.821434, 25.000000, 25.000000, 0.000000, 0.000000, 0.000000, 0.000000, 0.000000, 0.000000, 150.000000
27.729387, 25.000000, 25.000000, 0.000000, 0.000000, 0.000000, 0.000000, 0.000000, 0.000000, 160.000000
29.594591, 25.000000, 25.000000, 0.000000, 0.000000, 0.000000, 0.000000, 0.000000, 0.000000, 170.000000
31.404093, 25.000000, 25.000000, 0.000000, 0.000000, 0.000000, 0.000000, 0.000000, 0.000000, 180.000000
33.150379, 25.000000, 25.000000, 0.000000, 0.000000, 0.000000, 0.000000, 0.000000, 0.000000, 190.000000
34.823376, 25.000000, 25.000000, 0.000000, 0.000000, 0.000000, 0.000000, 0.000000, 0.000000, 200.000000
36.419125, 25.000000, 25.000000, 0.000000, 0.000000, 0.000000, 0.000000, 0.000000, 0.000000, 210.000000
37.943539, 25.000000, 25.000000, 0.000000, 0.000000, 0.000000, 0.000000, 0.000000, 0.000000, 220.000000
39.402573, 25.000000, 25.000000, 0.000000, 0.000000, 0.000000, 0.000000, 0.000000, 0.000000, 230.000000
40.802078, 25.000000, 25.000000, 0.000000, 0.000000, 0.000000, 0.000000, 0.000000, 0.000000, 240.000000
42.147762, 25.000000, 25.000000, 0.000000, 0.000000, 0.000000, 0.000000, 0.000000, 0.000000, 250.000000
43.445164, 25.000000, 25.000000, 0.000000, 0.000000, 0.000000, 0.000000, 0.000000, 0.000000, 260.000000
44.699551, 25.000000, 25.000000, 0.000000, 0.000000, 0.000000, 0.000000, 0.000000, 0.000000, 270.000000
45.915752, 25.000000, 25.000000, 0.000000, 0.000000, 0.000000, 0.000000, 0.000000, 0.000000, 280.000000
47.098148, 25.000000, 25.000000, 0.000000, 0.000000, 0.000000, 0.000000, 0.000000, 0.000000, 290.000000
48.250877, 25.000000, 25.000000, 0.000000, 0.000000, 0.000000, 0.000000, 0.000000, 0.000000, 300.000000
49.378056, 25.000000, 25.000000, 0.000000, 0.000000, 0.000000, 0.000000, 0.000000, 0.000000, 310.000000
50.483974, 25.000000, 25.000000, 0.000000, 0.000000, 0.000000, 0.000000, 0.000000, 0.000000, 320.000000
51.573067, 25.000000, 25.000000, 0.000000, 0.000000, 0.000000, 0.000000, 0.000000, 0.000000, 330.000000
52.649685, 25.000000, 25.000000, 0.000000, 0.000000, 0.000000, 0.000000, 0.000000, 0.000000, 340.000000
53.717804, 25.000000, 25.000000, 0.000000, 0.000000, 0.000000, 0.000000, 0.000000, 0.000000, 350.000000
54.780777, 25.000000, 25.000000, 0.000000, 0.000000, 0.000000, 0.000000, 0.000000, 0.000000, 360.000000
55.840935, 25.000000, 25.000000, 0.000000, 0.000000, 0.000000, 0.000000, 0.000000, 0.000000, 370.000000
56.899742, 25.000000, 25.000000, 0.000000, 0.000000, 0.000000, 0.000000, 0.000000, 0.000000, 380.000000
57.957169, 25.000000, 25.000000, 0.000000, 0.000000, 0.000000, 0.000000, 0.000000, 0.000000, 390.000000
59.013016, 25.000000, 25.000000, 0.000000, 0.000000, 0.000000, 0.000000, 0.000000, 0.000000, 400.000000
60.067684, 25.000000, 25.000000, 0.000000, 0.000000, 0.000000, 0.000000, 0.000000, 0.000000, 410.000000
61.121662, 25.000000, 25.000000, 0.000000, 0.000000, 0.000000, 0.000000, 0.000000, 0.000000, 420.000000
62.175770, 25.000000, 25.000000, 0.000000, 0.000000, 0.000000, 0.000000, 0.000000, 0.000000, 430.000000
63.230007, 25.000000, 25.000000, 0.000000, 0.000000, 0.000000, 0.000000, 0.000000, 0.000000, 440.000000
64.285355, 25.000000, 25.000000, 0.000000, 0.000000, 0.000000, 0.000000, 0.000000, 0.000000, 450.000000
65.341927, 25.000000, 25.000000, 0.000000, 0.000000, 0.000000, 0.000000, 0.000000, 0.000000, 460.000000
66.400078, 25.000000, 25.000000, 0.000000, 0.000000, 0.000000, 0.000000, 0.000000, 0.000000, 470.000000
67.460121, 25.000000, 25.000000, 0.000000, 0.000000, 0.000000, 0.000000, 0.000000, 0.000000, 480.000000
68.522415, 25.000000, 25.000000, 0.000000, 0.000000, 0.000000, 0.000000, 0.000000, 0.000000, 490.000000
69.587456, 25.000000, 25.000000, 0.000000, 0.000000, 0.000000, 0.000000, 0.000000, 0.000000, 500.000000
70.655807, 25.000000, 25.000000, 0.000000, 0.000000, 0.000000, 0.000000, 0.000000, 0.000000, 510.000000
71.728027, 25.000000, 25.000000, 0.000000, 0.000000, 0.000000, 0.000000, 0.000000, 0.000000, 520.000000
72.804604, 25.000000, 25.000000, 0.000000, 0.000000, 0.000000, 0.000000, 0.000000, 0.000000, 530.000000
73.885994, 25.000000, 25.000000, 0.000000, 0.000000, 0.000000, 0.000000, 0.000000, 0.000000, 540.000000
74.972580, 25.000000, 25.000000, 0.000000, 0.000000, 0.000000, 0.000000, 0.000000, 0.000000, 550.000000
76.064644, 25.000000, 25.000000, 0.000000, 0.000000, 0.000000, 0.000000, 0.000000, 0.000000, 560.000000
77.162659, 25.000000, 25.000000, 0.000000, 0.000000, 0.000000, 0.000000, 0.000000, 0.000000, 570.000000
78.268150, 25.000000, 25.000000, 0.000000, 0.000000, 0.000000, 0.000000, 0.000000, 0.000000, 580.000000
79.383339, 25.000000, 25.000000, 0.000000, 0.000000, 0.000000, 0.000000, 0.000000, 0.000000, 590.000000
80.510651, 25.000000, 25.000000, 0.000000, 0.000000, 0.000000, 0.000000, 0.000000, 0.000000, 600.000000
81.653931, 25.000000, 25.000000, 0.000000, 0.000000, 0.000000, 0.000000, 0.000000, 0.000000, 610.000000
82.818115, 25.000000, 25.000000, 0.000000, 0.000000, 0.000000, 0.000000, 0.000000, 0.000000, 620.000000
84.008392, 25.000000, 25.000000, 0.000000, 0.000000, 0.000000, 0.000000, 0.000000, 0.000000, 630.000000
85.229439, 25.000000, 25.000000, 0.000000, 0.000000, 0.000000, 0.000000, 0.000000, 0.000000, 640.000000
86.485062, 25.000000, 25.000000, 0.000000, 0.000000, 0.000000, 0.000000, 0.000000, 0.000000, 650.000000
87.778030, 25.000000, 25.000000, 0.000000, 0.000000, 0.000000, 0.000000, 0.000000, 0.000000, 660.000000
89.110100, 25.000000, 25.000000, 0.000000, 0.000000, 0.000000, 0.000000, 0.000000, 0.000000, 670.000000
90.482155, 25.000000, 25.000000, 0.000000, 0.000000, 0.000000, 0.000000, 0.000000, 0.000000, 680.000000
91.894379, 25.000000, 25.000000, 0.000000, 0.000000, 0.000000, 0.000000, 0.000000, 0.000000, 690.000000
93.346405, 25.000000, 25.000000, 0.000000, 0.000000, 0.000000, 0.000000, 0.000000, 0.000000, 700.000000
94.836868, 25.000000, 25.000000, 0.000000, 0.000000, 0.000000, 0.000000, 0.000000, 0.000000, 710.000000
96.362206, 25.000000, 25.000000, 0.000000, 0.000000, 0.000000, 0.000000, 0.000000, 0.000000, 720.000000
97.915817, 25.000000, 25.000000, 0.000000, 0.000000, 0.000000, 0.000000, 0.000000, 0.000000, 730.000000
99.488686, 25.000000, 25.000000, 0.000000, 0.000000, 0.000000, 0.000000, 0.000000, 0.000000, 740.000000
101.071381, 25.000000, 25.000000, 0.000000, 0.000000, 0.000000, 0.000000, 0.000000, 0.000000, 750.000000
102.656212, 25.000000, 25.000000, 0.000000, 0.000000, 0.000000, 0.000000, 0.000000, 0.000000, 760.000000
104.240921, 25.000000, 25.000000, 0.000000, 0.000000, 0.000000, 0.000000, 0.000000, 0.000000, 770.000000
105.826874, 25.000000, 25.000000, 0.000000, 0.000000, 0.000000, 0.000000, 0.000000, 0.000000, 780.000000
107.415161, 25.000000, 25.000000, 0.000000, 0.000000, 0.000000, 0.000000, 0.000000, 0.000000, 790.000000
109.003456, 25.000000, 25.000000, 0.000000, 0.000000, 0.000000, 0.000000, 0.000000, 0.000000, 800.000000
110.591156, 25.000000, 25.000000, 0.000000, 0.000000, 0.000000, 0.000000, 0.000000, 0.000000, 810.000000
112.174225, 25.512804, 25.000000, 0.000000, 0.000000, 0.000000, 0.000000, 0.000000, 0.000000, 820.000000
113.650070, 26.082111, 25.006104, 0.000000, 0.000000, 0.000000, 0.000000, 0.000000, 0.000000, 830.000000
114.960266, 26.059658, 25.018887, 0.000000, 0.000000, 0.000000, 0.000000, 0.000000, 0.000000, 840.000000
116.208038, 26.037939, 25.031202, 0.000000, 0.000000, 0.000000, 0.000000, 0.000000, 0.000000, 850.000000
117.450920, 26.016932, 25.043064, 0.000000, 0.000000, 0.000000, 0.000000, 0.000000, 0.000000, 860.000000
118.691689, 25.996609, 25.054489, 0.000000, 0.000000, 0.000000, 0.000000, 0.000000, 0.000000, 870.000000
119.928909, 25.976950, 25.065493, 0.000000, 0.000000, 0.000000, 0.000000, 0.000000, 0.000000, 880.000000
121.160980, 25.957930, 25.076088, 0.000000, 0.000000, 0.000000, 0.000000, 0.000000, 0.000000, 890.000000
122.386650, 25.939528, 25.086290, 0.000000, 0.000000, 0.000000, 0.000000, 0.000000, 0.000000, 900.000000
123.605133, 25.921722, 25.096111, 0.000000, 0.000000, 0.000000, 0.000000, 0.000000, 0.000000, 910.000000
124.816040, 25.904493, 25.105566, 0.000000, 0.000000, 0.000000, 0.000000, 0.000000, 0.000000, 920.000000
126.019341, 25.887821, 25.114666, 0.000000, 0.000000, 0.000000, 0.000000, 0.000000, 0.000000, 930.000000
127.215256, 25.871687, 25.123425, 0.000000, 0.000000, 0.000000, 0.000000, 0.000000, 0.000000, 940.000000
128.404114, 25.856073, 25.131853, 0.000000, 0.000000, 0.000000, 0.000000, 0.000000, 0.000000, 950.000000
129.586670, 25.840961, 25.139963, 0.000000, 0.000000, 0.000000, 0.000000, 0.000000, 0.000000, 960.000000
130.763763, 25.826334, 25.147764, 0.000000, 0.000000, 0.000000, 0.000000, 0.000000, 0.000000, 970.000000
131.935867, 25.812174, 25.155268, 0.000000, 0.000000, 0.000000, 0.000000, 0.000000, 0.000000, 980.000000
133.103516, 25.798466, 25.162485, 0.000000, 0.000000, 0.000000, 0.000000, 0.000000, 0.000000, 990.000000
134.267120, 25.785194, 25.169426, 0.000000, 0.000000, 0.000000, 0.000000, 0.000000, 0.000000, 1000.000000
135.427094, 25.772345, 25.176100, 0.000000, 0.000000, 0.000000, 0.000000, 0.000000, 0.000000, 1010.000000
136.583694, 25.759903, 25.182514, 0.000000, 0.000000, 0.000000, 0.000000, 0.000000, 0.000000, 1020.000000
137.737183, 25.747854, 25.188679, 0.000000, 0.000000, 0.000000, 0.000000, 0.000000, 0.000000, 1030.000000
138.887634, 25.736185, 25.194603, 0.000000, 0.000000, 0.000000, 0.000000, 0.000000, 0.000000, 1040.000000
140.035233, 25.724884, 25.200294, 0.000000, 0.000000, 0.000000, 0.000000, 0.000000, 0.000000, 1050.000000
141.180023, 25.713938, 25.205763, 0.000000, 0.000000, 0.000000, 0.000000, 0.000000, 0.000000, 1060.000000
142.322144, 25.703333, 25.211014, 0.000000, 0.000000, 0.000000, 0.000000, 0.000000, 0.000000, 1070.000000
143.461578, 25.693060, 25.216057, 0.000000, 0.000000, 0.000000, 0.000000, 0.000000, 0.000000, 1080.000000
144.598236, 25.683105, 25.220898, 0.000000, 0.000000, 0.000000, 0.000000, 0.000000, 0.000000, 1090.000000
145.731918, 25.673460, 25.225544, 0.000000, 0.000000, 0.000000, 0.000000, 0.000000, 0.000000, 1100.000000
146.862442, 25.664114, 25.230001, 0.000000, 0.000000, 0.000000, 0.000000, 0.000000, 0.000000, 1110.000000
147.989563, 25.655056, 25.234278, 0.000000, 0.000000, 0.000000, 0.000000, 0.000000, 0.000000, 1120.000000
149.113159, 25.646275, 25.238379, 0.000000, 0.000000, 0.000000, 0.000000, 0.000000, 0.000000, 1130.000000
150.233200, 25.637762, 25.242310, 0.000000, 0.000000, 0.000000, 0.000000, 0.000000, 0.000000, 1140.000000
151.351837, 25.629511, 25.246078, 0.000000, 0.000000, 0.000000, 0.000000, 0.000000, 0.000000, 1150.000000
152.473724, 25.621510, 25.249689, 0.000000, 0.000000, 0.000000, 0.000000, 0.000000, 0.000000, 1160.000000
153.605194, 25.613750, 25.253147, 0.000000, 0.000000, 0.000000, 0.000000, 0.000000, 0.000000, 1170.000000
154.754852, 25.606226, 25.256458, 0.000000, 0.000000, 0.000000, 0.000000, 0.000000, 0.000000, 1180.000000
155.933533, 25.598927, 25.259628, 0.000000, 0.000000, 0.000000, 0.000000, 0.000000, 0.000000, 1190.000000
157.154724, 25.591846, 25.262661, 0.000000, 0.000000, 0.000000, 0.000000, 0.000000, 0.000000, 1200.000000
158.435562, 25.584978, 25.265562, 0.000000, 0.000000, 0.000000, 0.000000, 0.000000, 0.000000, 1210.000000
159.798981, 25.578312, 25.268335, 0.000000, 0.000000, 0.000000, 0.000000, 0.000000, 0.000000, 1220.000000
161.278168, 26.098360, 25.270985, 0.000000, 0.000000, 0.000000, 0.000000, 0.000000, 0.000000, 1230.000000
162.805344, 26.626919, 25.279783, 0.000000, 0.000000, 0.000000, 0.000000, 0.000000, 0.000000, 1240.000000
164.292221, 27.160810, 25.294733, 0.000000, 0.000000, 0.000000, 0.000000, 0.000000, 0.000000, 1250.000000
165.750610, 27.697407, 25.315804, 0.000000, 0.000000, 0.000000, 0.000000, 0.000000, 0.000000, 1260.000000
167.189316, 28.234550, 25.342928, 0.000000, 0.000000, 0.000000, 0.000000, 0.000000, 0.000000, 1270.000000
168.614944, 28.770533, 25.376017, 0.000000, 0.000000, 0.000000, 0.000000, 0.000000, 0.000000, 1280.000000
170.032227, 29.304188, 25.414965, 0.000000, 0.000000, 0.000000, 0.000000, 0.000000, 0.000000, 1290.000000
171.444077, 29.834988, 25.459650, 0.000000, 0.000000, 0.000000, 0.000000, 0.000000, 0.000000, 1300.000000
172.851639, 30.363012, 25.509947, 0.000000, 0.000000, 0.000000, 0.000000, 0.000000, 0.000000, 1310.000000
174.254532, 30.888844, 25.565737, 0.000000, 0.000000, 0.000000, 0.000000, 0.000000, 0.000000, 1320.000000
175.651382, 30.777763, 25.626904, 0.000000, 0.000000, 0.000000, 0.000000, 0.000000, 0.000000, 1330.000000
177.127289, 30.670279, 25.685783, 0.000000, 0.000000, 0.000000, 0.000000, 0.000000, 0.000000, 1340.000000
178.805923, 30.566265, 25.742456, 0.000000, 0.000000, 0.000000, 0.000000, 0.000000, 0.000000, 1350.000000
180.760193, 30.465605, 25.796997, 0.000000, 0.000000, 0.000000, 0.000000, 0.000000, 0.000000, 1360.000000
183.098984, 30.368183, 25.849478, 0.000000, 0.000000, 0.000000, 0.000000, 0.000000, 0.000000, 1370.000000
185.986618, 30.273890, 25.899971, 0.000000, 0.000000, 0.000000, 0.000000, 0.000000, 0.000000, 1380.000000
189.641388, 30.182617, 25.948545, 0.000000, 0.000000, 0.000000, 0.000000, 0.000000, 0.000000, 1390.000000
194.168900, 30.094263, 25.995268, 0.000000, 0.000000, 0.000000, 0.000000, 0.000000, 0.000000, 1400.000000
199.081528, 30.008728, 26.040201, 0.000000, 0.000000, 0.000000, 0.000000, 0.000000, 0.000000, 1410.000000
203.476273, 29.925915, 26.083408, 0.000000, 0.000000, 0.000000, 0.000000, 0.000000, 0.000000, 1420.000000
207.038803, 29.845732, 26.124947, 0.000000, 0.000000, 0.000000, 0.000000, 0.000000, 0.000000, 1430.000000
209.933395, 29.768087, 26.164877, 0.000000, 0.000000, 0.000000, 0.000000, 0.000000, 0.000000, 1440.000000
212.369919, 29.692898, 26.203253, 0.000000, 0.000000, 0.000000, 0.000000, 0.000000, 0.000000, 1450.000000
214.498642, 29.620077, 26.240128, 0.000000, 0.000000, 0.000000, 0.000000, 0.000000, 0.000000, 1460.000000
216.419113, 29.549545, 26.275555, 0.000000, 0.000000, 0.000000, 0.000000, 0.000000, 0.000000, 1470.000000
218.198578, 29.481226, 26.309582, 0.000000, 0.000000, 0.000000, 0.000000, 0.000000, 0.000000, 1480.000000
219.884201, 29.415041, 26.342260, 0.000000, 0.000000, 0.000000, 0.000000, 0.000000, 0.000000, 1490.000000
221.510147, 29.350920, 26.373634, 0.000000, 0.000000, 0.000000, 0.000000, 0.000000, 0.000000, 1500.000000
223.131577, 29.288792, 26.403751, 0.000000, 0.000000, 0.000000, 0.000000, 0.000000, 0.000000, 1510.000000
224.790146, 29.228588, 26.432653, 0.000000, 0.000000, 0.000000, 0.000000, 0.000000, 0.000000, 1520.000000
226.487457, 29.170244, 26.460382, 0.000000, 0.000000, 0.000000, 0.000000, 0.000000, 0.000000, 1530.000000
228.224976, 29.113697, 26.486980, 0.000000, 0.000000, 0.000000, 0.000000, 0.000000, 0.000000, 1540.000000
230.004150, 29.058884, 26.512486, 0.000000, 0.000000, 0.000000, 0.000000, 0.000000, 0.000000, 1550.000000
231.826797, 29.005747, 26.536936, 0.000000, 0.000000, 0.000000, 0.000000, 0.000000, 0.000000, 1560.000000
