Time(s), Twind(°C), TMotCase(°C), Flat_i(N), Flat_o(N), Flat_r(N), Frad_i(N), Frad_o(N), Frad_r(N)
0.000000, 25.000000, 25.000000, 0.000000, 0.000000, 0.000000, 0.000000, 0.000000, 0.000000, 0.000000
1.631107, 25.000000, 25.000000, 0.000000, 0.000000, 0.000000, 0.000000, 0.000000, 0.000000, 10.000000
3.299864, 25.000000, 25.000000, 0.000000, 0.000000, 0.000000, 0.000000, 0.000000, 0.000000, 20.000000
5.007839, 25.000000, 25.000000, 0.000000, 0.000000, 0.000000, 0.000000, 0.000000, 0.000000, 30.000000
6.756467, 25.000000, 25.000000, 0.000000, 0.000000, 0.000000, 0.000000, 0.000000, 0.000000, 40.000000
8.547216, 25.000000, 25.000000, 0.000000, 0.000000, 0.000000, 0.000000, 0.000000, 0.000000, 50.000000
10.381856, 25.000000, 25.000000, 0.000000, 0.000000, 0.000000, 0.000000, 0.000000, 0.000000, 60.000000
12.262735, 25.000000, 25.000000, 0.000000, 0.000000, 0.000000, 0.000000, 0.000000, 0.000000, 70.000000
14.193032, 25.000000, 25.000000, 0.000000, 0.000000, 0.000000, 0.000000, 0.000000, 0.000000, 80.000000
16.176872, 25.000000, 25.000000, 0.000000, 0.000000, 0.000000, 0.000000, 0.000000, 0.000000, 90.000000
18.218136, 25.000000, 25.000000, 0.000000, 0.000000, 0.000000, 0.000000, 0.000000, 0.000000, 100.000000
20.317223, 25.000000, 25.000000, 0.000000, 0.000000, 0.000000, 0.000000, 0.000000, 0.000000, 110.000000
22.467449, 25.000000, 25.000000, 0.000000, 0.000000, 0.000000, 0.000000, 0.000000, 0.000000, 120.000000
24.653307, 25.000000, 25.000000, 0.000000, 0.000000, 0.000000, 0.000000, 0.000000, 0.000000, 130.000000
26.851467, 25.000000, 25.000000, 0.000000, 0.000000, 0.000000, 0.000000, 0.000000, 0.000000, 140.000000
29.033321, 25.000000, 25.000000, 0.000000, 0.000000, 0.000000, 0.000000, 0.000000, 0.000000, 150.000000
31.171173, 25.000000, 25.000000, 0.000000, 0.000000, 0.000000, 0.000000, 0.000000, 0.000000, 160.000000
33.243038, 25.000000, 25.000000, 0.000000, 0.000000, 0.000000, 0.000000, 0.000000, 0.000000, 170.000000
35.234871, 25.000000, 25.000000, 0.000000, 0.000000, 0.000000, 0.000000, 0.000000, 0.000000, 180.000000
37.140148, 25.000000, 25.000000, 0.000000, 0.000000, 0.000000, 0.000000, 0.000000, 0.000000, 190.000000
38.949295, 25.000000, 25.000000, 0.000000, 0.000000, 0.000000, 0.000000, 0.000000, 0.000000, 200.000000
40.660351, 25.000000, 25.000000, 0.000000, 0.000000, 0.000000, 0.000000, 0.000000, 0.000000, 210.000000
42.282917, 25.000000, 25.000000, 0.000000, 0.000000, 0.000000, 0.000000, 0.000000, 0.000000, 220.000000
43.825909, 25.000000, 25.000000, 0.000000, 0.000000, 0.000000, 0.000000, 0.000000, 0.000000, 230.000000
45.297588, 25.000000, 25.000000, 0.000000, 0.000000, 0.000000, 0.000000, 0.000000, 0.000000, 240.000000
46.705608, 25.000000, 25.000000, 0.000000, 0.000000, 0.000000, 0.000000, 0.000000, 0.000000, 250.000000
48.057140, 25.000000, 25.000000, 0.000000, 0.000000, 0.000000, 0.000000, 0.000000, 0.000000, 260.000000
49.358845, 25.000000, 25.000000, 0.000000, 0.000000, 0.000000, 0.000000, 0.000000, 0.000000, 270.000000
50.616756, 25.000000, 25.000000, 0.000000, 0.000000, 0.000000, 0.000000, 0.000000, 0.000000, 280.000000
51.836277, 25.000000, 25.000000, 0.000000, 0.000000, 0.000000, 0.000000, 0.000000, 0.000000, 290.000000
53.022339, 25.000000, 25.000000, 0.000000, 0.000000, 0.000000, 0.000000, 0.000000, 0.000000, 300.000000
54.179596, 25.000000, 25.000000, 0.000000, 0.000000, 0.000000, 0.000000, 0.000000, 0.000000, 310.000000
55.312572, 25.000000, 25.000000, 0.000000, 0.000000, 0.000000, 0.000000, 0.000000, 0.000000, 320.000000
56.425705, 25.000000, 25.000000, 0.000000, 0.000000, 0.000000, 0.000000, 0.000000, 0.000000, 330.000000
57.523190, 25.000000, 25.000000, 0.000000, 0.000000, 0.000000, 0.000000, 0.000000, 0.000000, 340.000000
58.608814, 25.000000, 25.000000, 0.000000, 0.000000, 0.000000, 0.000000, 0.000000, 0.000000, 350.000000
59.685776, 25.000000, 25.000000, 0.000000, 0.000000, 0.000000, 0.000000, 0.000000, 0.000000, 360.000000
60.756485, 25.000000, 25.000000, 0.000000, 0.000000, 0.000000, 0.000000, 0.000000, 0.000000, 370.000000
61.822556, 25.000000, 25.000000, 0.000000, 0.000000, 0.000000, 0.000000, 0.000000, 0.000000, 380.000000
62.884983, 25.000000, 25.000000, 0.000000, 0.000000, 0.000000, 0.000000, 0.000000, 0.000000, 390.000000
63.944588, 25.000000, 25.000000, 0.000000, 0.000000, 0.000000, 0.000000, 0.000000, 0.000000, 400.000000
65.001991, 25.000000, 25.000000, 0.000000, 0.000000, 0.000000, 0.000000, 0.000000, 0.000000, 410.000000
66.057999, 25.000000, 25.000000, 0.000000, 0.000000, 0.000000, 0.000000, 0.000000, 0.000000, 420.000000
67.113388, 25.000000, 25.000000, 0.000000, 0.000000, 0.000000, 0.000000, 0.000000, 0.000000, 430.000000
68.168762, 25.000000, 25.000000, 0.000000, 0.000000, 0.000000, 0.000000, 0.000000, 0.000000, 440.000000
69.224808, 25.000000, 25.000000, 0.000000, 0.000000, 0.000000, 0.000000, 0.000000, 0.000000, 450.000000
70.281822, 25.000000, 25.000000, 0.000000, 0.000000, 0.000000, 0.000000, 0.000000, 0.000000, 460.000000
71.340096, 25.000000, 25.000000, 0.000000, 0.000000, 0.000000, 0.000000, 0.000000, 0.000000, 470.000000
72.400101, 25.000000, 25.000000, 0.000000, 0.000000, 0.000000, 0.000000, 0.000000, 0.000000, 480.000000
73.462151, 25.000000, 25.000000, 0.000000, 0.000000, 0.000000, 0.000000, 0.000000, 0.000000, 490.000000
74.526756, 25.000000, 25.000000, 0.000000, 0.000000, 0.000000, 0.000000, 0.000000, 0.000000, 500.000000
75.594521, 25.000000, 25.000000, 0.000000, 0.000000, 0.000000, 0.000000, 0.000000, 0.000000, 510.000000
76.665947, 25.000000, 25.000000, 0.000000, 0.000000, 0.000000, 0.000000, 0.000000, 0.000000, 520.000000
77.741592, 25.000000, 25.000000, 0.000000, 0.000000, 0.000000, 0.000000, 0.000000, 0.000000, 530.000000
78.821922, 25.000000, 25.000000, 0.000000, 0.000000, 0.000000, 0.000000, 0.000000, 0.000000, 540.000000
79.907318, 25.000000, 25.000000, 0.000000, 0.000000, 0.000000, 0.000000, 0.000000, 0.000000, 550.000000
80.998138, 25.000000, 25.000000, 0.000000, 0.000000, 0.000000, 0.000000, 0.000000, 0.000000, 560.000000
82.094826, 25.000000, 25.000000, 0.000000, 0.000000, 0.000000, 0.000000, 0.000000, 0.000000, 570.000000
83.198936, 25.000000, 25.000000, 0.000000, 0.000000, 0.000000, 0.000000, 0.000000, 0.000000, 580.000000
84.312584, 25.000000, 25.000000, 0.000000, 0.000000, 0.000000, 0.000000, 0.000000, 0.000000, 590.000000
85.437897, 25.000000, 25.000000, 0.000000, 0.000000, 0.000000, 0.000000, 0.000000, 0.000000, 600.000000
86.578117, 25.000000, 25.000000, 0.000000, 0.000000, 0.000000, 0.000000, 0.000000, 0.000000, 610.000000
87.737312, 25.000000, 25.000000, 0.000000, 0.000000, 0.000000, 0.000000, 0.000000, 0.000000, 620.000000
88.919678, 25.000000, 25.000000, 0.000000, 0.000000, 0.000000, 0.000000, 0.000000, 0.000000, 630.000000
90.128922, 25.000000, 25.000000, 0.000000, 0.000000, 0.000000, 0.000000, 0.000000, 0.000000, 640.000000
91.367981, 25.000000, 25.000000, 0.000000, 0.000000, 0.000000, 0.000000, 0.000000, 0.000000, 650.000000
92.638893, 25.000000, 25.000000, 0.000000, 0.000000, 0.000000, 0.000000, 0.000000, 0.000000, 660.000000
93.942856, 25.000000, 25.000000, 0.000000, 0.000000, 0.000000, 0.000000, 0.000000, 0.000000, 670.000000
95.280350, 25.000000, 25.000000, 0.000000, 0.000000, 0.000000, 0.000000, 0.000000, 0.000000, 680.000000
96.651321, 25.000000, 25.000000, 0.000000, 0.000000, 0.000000, 0.000000, 0.000000, 0.000000, 690.000000
98.055260, 25.000000, 25.000000, 0.000000, 0.000000, 0.000000, 0.000000, 0.000000, 0.000000, 700.000000
99.490868, 25.000000, 25.000000, 0.000000, 0.000000, 0.000000, 0.000000, 0.000000, 0.000000, 710.000000
100.955040, 25.000000, 25.000000, 0.000000, 0.000000, 0.000000, 0.000000, 0.000000, 0.000000, 720.000000
102.442177, 25.000000, 25.000000, 0.000000, 0.000000, 0.000000, 0.000000, 0.000000, 0.000000, 730.000000
103.944725, 25.000000, 25.000000, 0.000000, 0.000000, 0.000000, 0.000000, 0.000000, 0.000000, 740.000000
105.454842, 25.000000, 25.000000, 0.000000, 0.000000, 0.000000, 0.000000, 0.000000, 0.000000, 750.000000
106.966171, 25.000000, 25.000000, 0.000000, 0.000000, 0.000000, 0.000000, 0.000000, 0.000000, 760.000000
108.476662, 25.000000, 25.000000, 0.000000, 0.000000, 0.000000, 0.000000, 0.000000, 0.000000, 770.000000
109.987015, 25.000000, 25.000000, 0.000000, 0.000000, 0.000000, 0.000000, 0.000000, 0.000000, 780.000000
111.498581, 25.000000, 25.000000, 0.000000, 0.000000, 0.000000, 0.000000, 0.000000, 0.000000, 790.000000
113.010201, 25.000000, 25.000000, 0.000000, 0.000000, 0.000000, 0.000000, 0.000000, 0.000000, 800.000000
114.519676, 25.431662, 25.000000, 0.000000, 0.000000, 0.000000, 0.000000, 0.000000, 0.000000, 810.000000
115.945457, 25.913372, 25.004810, 0.000000, 0.000000, 0.000000, 0.000000, 0.000000, 0.000000, 820.000000
117.234734, 25.895624, 25.014915, 0.000000, 0.000000, 0.000000, 0.000000, 0.000000, 0.000000, 830.000000
118.466156, 25.878420, 25.024675, 0.000000, 0.000000, 0.000000, 0.000000, 0.000000, 0.000000, 840.000000
119.697861, 25.861742, 25.034098, 0.000000, 0.000000, 0.000000, 0.000000, 0.000000, 0.000000, 850.000000
120.928497, 25.845575, 25.043196, 0.000000, 0.000000, 0.000000, 0.000000, 0.000000, 0.000000, 860.000000
122.156853, 25.829901, 25.051979, 0.000000, 0.000000, 0.000000, 0.000000, 0.000000, 0.000000, 870.000000
123.381500, 25.814705, 25.060459, 0.000000, 0.000000, 0.000000, 0.000000, 0.000000, 0.000000, 880.000000
124.601044, 25.799971, 25.068644, 0.000000, 0.000000, 0.000000, 0.000000, 0.000000, 0.000000, 890.000000
125.814316, 25.785685, 25.076544, 0.000000, 0.000000, 0.000000, 0.000000, 0.000000, 0.000000, 900.000000
127.020538, 25.771832, 25.084167, 0.000000, 0.000000, 0.000000, 0.000000, 0.000000, 0.000000, 910.000000
128.219345, 25.758398, 25.091524, 0.000000, 0.000000, 0.000000, 0.000000, 0.000000, 0.000000, 920.000000
129.410706, 25.745371, 25.098623, 0.000000, 0.000000, 0.000000, 0.000000, 0.000000, 0.000000, 930.000000
130.594864, 25.732737, 25.105473, 0.000000, 0.000000, 0.000000, 0.000000, 0.000000, 0.000000, 940.000000
131.772125, 25.720484, 25.112080, 0.000000, 0.000000, 0.000000, 0.000000, 0.000000, 0.000000, 950.000000
132.943253, 25.708599, 25.118452, 0.000000, 0.000000, 0.000000, 0.000000, 0.000000, 0.000000, 960.000000
134.109024, 25.697071, 25.124598, 0.000000, 0.000000, 0.000000, 0.000000, 0.000000, 0.000000, 970.000000
135.269974, 25.685888, 25.130524, 0.000000, 0.000000, 0.000000, 0.000000, 0.000000, 0.000000, 980.000000
136.426559, 25.675039, 25.136238, 0.000000, 0.000000, 0.000000, 0.000000, 0.000000, 0.000000, 990.000000
137.579224, 25.664515, 25.141748, 0.000000, 0.000000, 0.000000, 0.000000, 0.000000, 0.000000, 1000.000000
138.728317, 25.654303, 25.147058, 0.000000, 0.000000, 0.000000, 0.000000, 0.000000, 0.000000, 1010.000000
139.874115, 25.644394, 25.152178, 0.000000, 0.000000, 0.000000, 0.000000, 0.000000, 0.000000, 1020.000000
141.016815, 25.634779, 25.157110, 0.000000, 0.000000, 0.000000, 0.000000, 0.000000, 0.000000, 1030.000000
142.156509, 25.625448, 25.161863, 0.000000, 0.000000, 0.000000, 0.000000, 0.000000, 0.000000, 1040.000000
143.293289, 25.616392, 25.166441, 0.000000, 0.000000, 0.000000, 0.000000, 0.000000, 0.000000, 1050.000000
144.427261, 25.607603, 25.170851, 0.000000, 0.000000, 0.000000, 0.000000, 0.000000, 0.000000, 1060.000000
145.558487, 25.599072, 25.175098, 0.000000, 0.000000, 0.000000, 0.000000, 0.000000, 0.000000, 1070.000000
146.686844, 25.590790, 25.179188, 0.000000, 0.000000, 0.000000, 0.000000, 0.000000, 0.000000, 1080.000000
147.812241, 25.582750, 25.183125, 0.000000, 0.000000, 0.000000, 0.000000, 0.000000, 0.000000, 1090.000000
148.934464, 25.574944, 25.186913, 0.000000, 0.000000, 0.000000, 0.000000, 0.000000, 0.000000, 1100.000000
150.053284, 25.567364, 25.190557, 0.000000, 0.000000, 0.000000, 0.000000, 0.000000, 0.000000, 1110.000000
151.168442, 25.560003, 25.194065, 0.000000, 0.000000, 0.000000, 0.000000, 0.000000, 0.000000, 1120.000000
152.279800, 25.552855, 25.197439, 0.000000, 0.000000, 0.000000, 0.000000, 0.000000, 0.000000, 1130.000000
153.387268, 25.545912, 25.200684, 0.000000, 0.000000, 0.000000, 0.000000, 0.000000, 0.000000, 1140.000000
154.492661, 25.539167, 25.203802, 0.000000, 0.000000, 0.000000, 0.000000, 0.000000, 0.000000, 1150.000000
155.600937, 25.532616, 25.206800, 0.000000, 0.000000, 0.000000, 0.000000, 0.000000, 0.000000, 1160.000000
156.717926, 25.526251, 25.209681, 0.000000, 0.000000, 0.000000, 0.000000, 0.000000, 0.000000, 1170.000000
157.851883, 25.520067, 25.212448, 0.000000, 0.000000, 0.000000, 0.000000, 0.000000, 0.000000, 1180.000000
159.013184, 25.514057, 25.215105, 0.000000, 0.000000, 0.000000, 0.000000, 0.000000, 0.000000, 1190.000000
160.214661, 25.508217, 25.217655, 0.000000, 0.000000, 0.000000, 0.000000, 0.000000, 0.000000, 1200.000000
161.472458, 25.502541, 25.220104, 0.000000, 0.000000, 0.000000, 0.000000, 0.000000, 0.000000, 1210.000000
162.807892, 25.497023, 25.222452, 0.000000, 0.000000, 0.000000, 0.000000, 0.000000, 0.000000, 1220.000000
164.251328, 25.995132, 25.224705, 0.000000, 0.000000, 0.000000, 0.000000, 0.000000, 0.000000, 1230.000000
165.738373, 26.501780, 25.232473, 0.000000, 0.000000, 0.000000, 0.000000, 0.000000, 0.000000, 1240.000000
167.186447, 27.014051, 25.245773, 0.000000, 0.000000, 0.000000, 0.000000, 0.000000, 0.000000, 1250.000000
168.606552, 27.529543, 25.264585, 0.000000, 0.000000, 0.000000, 0.000000, 0.000000, 0.000000, 1260.000000
170.006897, 28.046282, 25.288862, 0.000000, 0.000000, 0.000000, 0.000000, 0.000000, 0.000000, 1270.000000
171.393616, 28.562708, 25.318539, 0.000000, 0.000000, 0.000000, 0.000000, 0.000000, 0.000000, 1280.000000
172.771118, 29.077761, 25.353531, 0.000000, 0.000000, 0.000000, 0.000000, 0.000000, 0.000000, 1290.000000
174.142059, 29.590958, 25.393745, 0.000000, 0.000000, 0.000000, 0.000000, 0.000000, 0.000000, 1300.000000
175.507462, 30.102383, 25.439083, 0.000000, 0.000000, 0.000000, 0.000000, 0.000000, 0.000000, 1310.000000
176.867035, 30.612568, 25.489450, 0.000000, 0.000000, 0.000000, 0.000000, 0.000000, 0.000000, 1320.000000
178.219528, 31.122366, 25.544758, 0.000000, 0.000000, 0.000000, 0.000000, 0.000000, 0.000000, 1330.000000
179.558441, 31.013411, 25.604929, 0.000000, 0.000000, 0.000000, 0.000000, 0.000000, 0.000000, 1340.000000
180.952820, 30.907759, 25.662998, 0.000000, 0.000000, 0.000000, 0.000000, 0.000000, 0.000000, 1350.000000
182.495468, 30.805305, 25.719032, 0.000000, 0.000000, 0.000000, 0.000000, 0.000000, 0.000000, 1360.000000
184.210129, 30.705948, 25.773098, 0.000000, 0.000000, 0.000000, 0.000000, 0.000000, 0.000000, 1370.000000
186.113129, 30.609589, 25.825258, 0.000000, 0.000000, 0.000000, 0.000000, 0.000000, 0.000000, 1380.000000
188.199219, 30.516130, 25.875574, 0.000000, 0.000000, 0.000000, 0.000000, 0.000000, 0.000000, 1390.000000
190.423492, 30.425480, 25.924105, 0.000000, 0.000000, 0.000000, 0.000000, 0.000000, 0.000000, 1400.000000
192.697556, 30.337549, 25.970909, 0.000000, 0.000000, 0.000000, 0.000000, 0.000000, 0.000000, 1410.000000
194.917145, 30.252251, 26.016043, 0.000000, 0.000000, 0.000000, 0.000000, 0.000000, 0.000000, 1420.000000
197.006012, 30.169498, 26.059559, 0.000000, 0.000000, 0.000000, 0.000000, 0.000000, 0.000000, 1430.000000
198.935715, 30.089214, 26.101511, 0.000000, 0.000000, 0.000000, 0.000000, 0.000000, 0.000000, 1440.000000
200.714157, 30.011318, 26.141949, 0.000000, 0.000000, 0.000000, 0.000000, 0.000000, 0.000000, 1450.000000
202.365707, 29.935732, 26.180922, 0.000000, 0.000000, 0.000000, 0.000000, 0.000000, 0.000000, 1460.000000
203.918335, 29.862385, 26.218475, 0.000000, 0.000000, 0.000000, 0.000000, 0.000000, 0.000000, 1470.000000
205.398132, 29.791204, 26.254658, 0.000000, 0.000000, 0.000000, 0.000000, 0.000000, 0.000000, 1480.000000
206.827652, 29.722120, 26.289513, 0.000000, 0.000000, 0.000000, 0.000000, 0.000000, 0.000000, 1490.000000
208.225586, 29.655067, 26.323084, 0.000000, 0.000000, 0.000000, 0.000000, 0.000000, 0.000000, 1500.000000
209.624176, 29.589979, 26.355412, 0.000000, 0.000000, 0.000000, 0.000000, 0.000000, 0.000000, 1510.000000
211.047775, 29.526794, 26.386538, 0.000000, 0.000000, 0.000000, 0.000000, 0.000000, 0.000000, 1520.000000
212.497101, 29.465452, 26.416498, 0.000000, 0.000000, 0.000000, 0.000000, 0.000000, 0.000000, 1530.000000
213.972748, 29.405893, 26.445333, 0.000000, 0.000000, 0.000000, 0.000000, 0.000000, 0.000000, 1540.000000
215.475281, 29.348061, 26.473080, 0.000000, 0.000000, 0.000000, 0.000000, 0.000000, 0.000000, 1550.000000
217.005493, 29.291901, 26.499771, 0.000000, 0.000000, 0.000000, 0.000000, 0.000000, 0.000000, 1560.000000
218.564560, 29.237358, 26.525442, 0.000000, 0.000000, 0.000000, 0.000000, 0.000000, 0.000000, 1570.000000
