Time(s), Twind(°C), TMotCase(°C), Flat_i(N), Flat_o(N), Flat_r(N), Frad_i(N), Frad_o(N), Frad_r(N)
0.000000, 25.000000, 25.000000, 0.000000, 0.000000, 0.000000, 0.000000, 0.000000, 0.000000, 0.000000
1.579210, 25.000000, 25.000000, 0.000000, 0.000000, 0.000000, 0.000000, 0.000000, 0.000000, 10.000000
3.192888, 25.000000, 25.000000, 0.000000, 0.000000, 0.000000, 0.000000, 0.000000, 0.000000, 20.000000
4.842292, 25.000000, 25.000000, 0.000000, 0.000000, 0.000000, 0.000000, 0.000000, 0.000000, 30.000000
6.528512, 25.000000, 25.000000, 0.000000, 0.000000, 0.000000, 0.000000, 0.000000, 0.000000, 40.000000
8.252689, 25.000000, 25.000000, 0.000000, 0.000000, 0.000000, 0.000000, 0.000000, 0.000000, 50.000000
10.016304, 25.000000, 25.000000, 0.000000, 0.000000, 0.000000, 0.000000, 0.000000, 0.000000, 60.000000
11.821490, 25.000000, 25.000000, 0.000000, 0.000000, 0.000000, 0.000000, 0.000000, 0.000000, 70.000000
13.671298, 25.000000, 25.000000, 0.000000, 0.000000, 0.000000, 0.000000, 0.000000, 0.000000, 80.000000
15.569669, 25.000000, 25.000000, 0.000000, 0.000000, 0.000000, 0.000000, 0.000000, 0.000000, 90.000000
17.519423, 25.000000, 25.000000, 0.000000, 0.000000, 0.000000, 0.000000, 0.000000, 0.000000, 100.000000
19.518250, 25.000000, 25.000000, 0.000000, 0.000000, 0.000000, 0.000000, 0.000000, 0.000000, 110.000000
21.556004, 25.000000, 25.000000, 0.000000, 0.000000, 0.000000, 0.000000, 0.000000, 0.000000, 120.000000
23.614870, 25.000000, 25.000000, 0.000000, 0.000000, 0.000000, 0.000000, 0.000000, 0.000000, 130.000000
25.670876, 25.000000, 25.000000, 0.000000, 0.000000, 0.000000, 0.000000, 0.000000, 0.000000, 140.000000
27.698019, 25.000000, 25.000000, 0.000000, 0.000000, 0.000000, 0.000000, 0.000000, 0.000000, 150.000000
29.674158, 25.000000, 25.000000, 0.000000, 0.000000, 0.000000, 0.000000, 0.000000, 0.000000, 160.000000
31.583858, 25.000000, 25.000000, 0.000000, 0.000000, 0.000000, 0.000000, 0.000000, 0.000000, 170.000000
33.418716, 25.000000, 25.000000, 0.000000, 0.000000, 0.000000, 0.000000, 0.000000, 0.000000, 180.000000
35.176151, 25.000000, 25.000000, 0.000000, 0.000000, 0.000000, 0.000000, 0.000000, 0.000000, 190.000000
36.857468, 25.000000, 25.000000, 0.000000, 0.000000, 0.000000, 0.000000, 0.000000, 0.000000, 200.000000
38.465916, 25.000000, 25.000000, 0.000000, 0.000000, 0.000000, 0.000000, 0.000000, 0.000000, 210.000000
40.005478, 25.000000, 25.000000, 0.000000, 0.000000, 0.000000, 0.000000, 0.000000, 0.000000, 220.000000
41.480526, 25.000000, 25.000000, 0.000000, 0.000000, 0.000000, 0.000000, 0.000000, 0.000000, 230.000000
42.895752, 25.000000, 25.000000, 0.000000, 0.000000, 0.000000, 0.000000, 0.000000, 0.000000, 240.000000
44.256008, 25.000000, 25.000000, 0.000000, 0.000000, 0.000000, 0.000000, 0.000000, 0.000000, 250.000000
45.566219, 25.000000, 25.000000, 0.000000, 0.000000, 0.000000, 0.000000, 0.000000, 0.000000, 260.000000
46.831356, 25.000000, 25.000000, 0.000000, 0.000000, 0.000000, 0.000000, 0.000000, 0.000000, 270.000000
48.056274, 25.000000, 25.000000, 0.000000, 0.000000, 0.000000, 0.000000, 0.000000, 0.000000, 280.000000
49.245502, 25.000000, 25.000000, 0.000000, 0.000000, 0.000000, 0.000000, 0.000000, 0.000000, 290.000000
50.403244, 25.000000, 25.000000, 0.000000, 0.000000, 0.000000, 0.000000, 0.000000, 0.000000, 300.000000
51.533569, 25.000000, 25.000000, 0.000000, 0.000000, 0.000000, 0.000000, 0.000000, 0.000000, 310.000000
52.640598, 25.000000, 25.000000, 0.000000, 0.000000, 0.000000, 0.000000, 0.000000, 0.000000, 320.000000
53.728561, 25.000000, 25.000000, 0.000000, 0.000000, 0.000000, 0.000000, 0.000000, 0.000000, 330.000000
54.801613, 25.000000, 25.000000, 0.000000, 0.000000, 0.000000, 0.000000, 0.000000, 0.000000, 340.000000
55.863602, 25.000000, 25.000000, 0.000000, 0.000000, 0.000000, 0.000000, 0.000000, 0.000000, 350.000000
56.917805, 25.000000, 25.000000, 0.000000, 0.000000, 0.000000, 0.000000, 0.000000, 0.000000, 360.000000
57.966724, 25.000000, 25.000000, 0.000000, 0.000000, 0.000000, 0.000000, 0.000000, 0.000000, 370.000000
59.011951, 25.000000, 25.000000, 0.000000, 0.000000, 0.000000, 0.000000, 0.000000, 0.000000, 380.000000
60.054222, 25.000000, 25.000000, 0.000000, 0.000000, 0.000000, 0.000000, 0.000000, 0.000000, 390.000000
61.093742, 25.000000, 25.000000, 0.000000, 0.000000, 0.000000, 0.000000, 0.000000, 0.000000, 400.000000
62.130692, 25.000000, 25.000000, 0.000000, 0.000000, 0.000000, 0.000000, 0.000000, 0.000000, 410.000000
63.165485, 25.000000, 25.000000, 0.000000, 0.000000, 0.000000, 0.000000, 0.000000, 0.000000, 420.000000
64.198654, 25.000000, 25.000000, 0.000000, 0.000000, 0.000000, 0.000000, 0.000000, 0.000000, 430.000000
65.230927, 25.000000, 25.000000, 0.000000, 0.000000, 0.000000, 0.000000, 0.000000, 0.000000, 440.000000
66.263084, 25.000000, 25.000000, 0.000000, 0.000000, 0.000000, 0.000000, 0.000000, 0.000000, 450.000000
67.295692, 25.000000, 25.000000, 0.000000, 0.000000, 0.000000, 0.000000, 0.000000, 0.000000, 460.000000
68.329239, 25.000000, 25.000000, 0.000000, 0.000000, 0.000000, 0.000000, 0.000000, 0.000000, 470.000000
69.364044, 25.000000, 25.000000, 0.000000, 0.000000, 0.000000, 0.000000, 0.000000, 0.000000, 480.000000
70.400406, 25.000000, 25.000000, 0.000000, 0.000000, 0.000000, 0.000000, 0.000000, 0.000000, 490.000000
71.438690, 25.000000, 25.000000, 0.000000, 0.000000, 0.000000, 0.000000, 0.000000, 0.000000, 500.000000
72.479355, 25.000000, 25.000000, 0.000000, 0.000000, 0.000000, 0.000000, 0.000000, 0.000000, 510.000000
73.522934, 25.000000, 25.000000, 0.000000, 0.000000, 0.000000, 0.000000, 0.000000, 0.000000, 520.000000
74.569984, 25.000000, 25.000000, 0.000000, 0.000000, 0.000000, 0.000000, 0.000000, 0.000000, 530.000000
75.621048, 25.000000, 25.000000, 0.000000, 0.000000, 0.000000, 0.000000, 0.000000, 0.000000, 540.000000
76.676590, 25.000000, 25.000000, 0.000000, 0.000000, 0.000000, 0.000000, 0.000000, 0.000000, 550.000000
77.737007, 25.000000, 25.000000, 0.000000, 0.000000, 0.000000, 0.000000, 0.000000, 0.000000, 560.000000
78.802628, 25.000000, 25.000000, 0.000000, 0.000000, 0.000000, 0.000000, 0.000000, 0.000000, 570.000000
79.873863, 25.000000, 25.000000, 0.000000, 0.000000, 0.000000, 0.000000, 0.000000, 0.000000, 580.000000
80.951294, 25.000000, 25.000000, 0.000000, 0.000000, 0.000000, 0.000000, 0.000000, 0.000000, 590.000000
82.035713, 25.000000, 25.000000, 0.000000, 0.000000, 0.000000, 0.000000, 0.000000, 0.000000, 600.000000
83.128143, 25.000000, 25.000000, 0.000000, 0.000000, 0.000000, 0.000000, 0.000000, 0.000000, 610.000000
84.229950, 25.000000, 25.000000, 0.000000, 0.000000, 0.000000, 0.000000, 0.000000, 0.000000, 620.000000
85.343384, 25.000000, 25.000000, 0.000000, 0.000000, 0.000000, 0.000000, 0.000000, 0.000000, 630.000000
86.471924, 25.000000, 25.000000, 0.000000, 0.000000, 0.000000, 0.000000, 0.000000, 0.000000, 640.000000
87.619934, 25.635294, 25.000000, 0.000000, 0.000000, 0.000000, 0.000000, 0.000000, 0.000000, 650.000000
88.746239, 25.622038, 25.007563, 0.000000, 0.000000, 0.000000, 0.000000, 0.000000, 0.000000, 660.000000
89.854904, 25.967592, 25.014847, 0.000000, 0.000000, 0.000000, 0.000000, 0.000000, 0.000000, 670.000000
90.974052, 25.947710, 25.026129, 0.000000, 0.000000, 0.000000, 0.000000, 0.000000, 0.000000, 680.000000
92.104927, 25.928478, 25.036997, 0.000000, 0.000000, 0.000000, 0.000000, 0.000000, 0.000000, 690.000000
93.266174, 25.909876, 25.047464, 0.000000, 0.000000, 0.000000, 0.000000, 0.000000, 0.000000, 700.000000
94.458344, 25.891880, 25.057545, 0.000000, 0.000000, 0.000000, 0.000000, 0.000000, 0.000000, 710.000000
95.681511, 25.874470, 25.067253, 0.000000, 0.000000, 0.000000, 0.000000, 0.000000, 0.000000, 720.000000
96.935341, 25.857626, 25.076601, 0.000000, 0.000000, 0.000000, 0.000000, 0.000000, 0.000000, 730.000000
98.218117, 25.841328, 25.085600, 0.000000, 0.000000, 0.000000, 0.000000, 0.000000, 0.000000, 740.000000
99.525665, 25.825558, 25.094263, 0.000000, 0.000000, 0.000000, 0.000000, 0.000000, 0.000000, 750.000000
100.851585, 25.810297, 25.102602, 0.000000, 0.000000, 0.000000, 0.000000, 0.000000, 0.000000, 760.000000
102.188782, 25.795528, 25.110628, 0.000000, 0.000000, 0.000000, 0.000000, 0.000000, 0.000000, 770.000000
103.531570, 25.781237, 25.118351, 0.000000, 0.000000, 0.000000, 0.000000, 0.000000, 0.000000, 780.000000
104.877007, 25.767405, 25.125782, 0.000000, 0.000000, 0.000000, 0.000000, 0.000000, 0.000000, 790.000000
106.224648, 25.754015, 25.132933, 0.000000, 0.000000, 0.000000, 0.000000, 0.000000, 0.000000, 800.000000
107.575836, 25.741055, 25.139811, 0.000000, 0.000000, 0.000000, 0.000000, 0.000000, 0.000000, 810.000000
108.932335, 25.728508, 25.146425, 0.000000, 0.000000, 0.000000, 0.000000, 0.000000, 0.000000, 820.000000
110.294891, 25.716362, 25.152786, 0.000000, 0.000000, 0.000000, 0.000000, 0.000000, 0.000000, 830.000000
111.662270, 25.704601, 25.158903, 0.000000, 0.000000, 0.000000, 0.000000, 0.000000, 0.000000, 840.000000
113.031761, 25.693214, 25.164783, 0.000000, 0.000000, 0.000000, 0.000000, 0.000000, 0.000000, 850.000000
114.400612, 25.682188, 25.170435, 0.000000, 0.000000, 0.000000, 0.000000, 0.000000, 0.000000, 860.000000
115.767578, 25.671509, 25.175865, 0.000000, 0.000000, 0.000000, 0.000000, 0.000000, 0.000000, 870.000000
117.132240, 25.661165, 25.181084, 0.000000, 0.000000, 0.000000, 0.000000, 0.000000, 0.000000, 880.000000
118.494186, 26.209450, 25.186096, 0.000000, 0.000000, 0.000000, 0.000000, 0.000000, 0.000000, 890.000000
119.787621, 26.188095, 25.197556, 0.000000, 0.000000, 0.000000, 0.000000, 0.000000, 0.000000, 900.000000
121.018456, 26.167425, 25.208580, 0.000000, 0.000000, 0.000000, 0.000000, 0.000000, 0.000000, 910.000000
122.244675, 26.147417, 25.219185, 0.000000, 0.000000, 0.000000, 0.000000, 0.000000, 0.000000, 920.000000
123.464859, 26.128048, 25.229383, 0.000000, 0.000000, 0.000000, 0.000000, 0.000000, 0.000000, 930.000000
124.677994, 26.109295, 25.239191, 0.000000, 0.000000, 0.000000, 0.000000, 0.000000, 0.000000, 940.000000
125.883621, 26.091139, 25.248621, 0.000000, 0.000000, 0.000000, 0.000000, 0.000000, 0.000000, 950.000000
127.081627, 26.073557, 25.257687, 0.000000, 0.000000, 0.000000, 0.000000, 0.000000, 0.000000, 960.000000
128.272217, 26.056532, 25.266399, 0.000000, 0.000000, 0.000000, 0.000000, 0.000000, 0.000000, 970.000000
129.455750, 26.040043, 25.274773, 0.000000, 0.000000, 0.000000, 0.000000, 0.000000, 0.000000, 980.000000
130.632614, 26.024073, 25.282818, 0.000000, 0.000000, 0.000000, 0.000000, 0.000000, 0.000000, 990.000000
131.803268, 26.008604, 25.290545, 0.000000, 0.000000, 0.000000, 0.000000, 0.000000, 0.000000, 1000.000000
132.968216, 25.993620, 25.297966, 0.000000, 0.000000, 0.000000, 0.000000, 0.000000, 0.000000, 1010.000000
134.127975, 25.979103, 25.305092, 0.000000, 0.000000, 0.000000, 0.000000, 0.000000, 0.000000, 1020.000000
135.283035, 25.965038, 25.311932, 0.000000, 0.000000, 0.000000, 0.000000, 0.000000, 0.000000, 1030.000000
136.433899, 25.951410, 25.318497, 0.000000, 0.000000, 0.000000, 0.000000, 0.000000, 0.000000, 1040.000000
137.581039, 25.938204, 25.324797, 0.000000, 0.000000, 0.000000, 0.000000, 0.000000, 0.000000, 1050.000000
138.724747, 25.925404, 25.330839, 0.000000, 0.000000, 0.000000, 0.000000, 0.000000, 0.000000, 1060.000000
139.865311, 25.912996, 25.336634, 0.000000, 0.000000, 0.000000, 0.000000, 0.000000, 0.000000, 1070.000000
141.002884, 25.900969, 25.342190, 0.000000, 0.000000, 0.000000, 0.000000, 0.000000, 0.000000, 1080.000000
142.137573, 25.889309, 25.347515, 0.000000, 0.000000, 0.000000, 0.000000, 0.000000, 0.000000, 1090.000000
143.269501, 25.878002, 25.352617, 0.000000, 0.000000, 0.000000, 0.000000, 0.000000, 0.000000, 1100.000000
144.398682, 25.867039, 25.357504, 0.000000, 0.000000, 0.000000, 0.000000, 0.000000, 0.000000, 1110.000000
145.525146, 25.856405, 25.362185, 0.000000, 0.000000, 0.000000, 0.000000, 0.000000, 0.000000, 1120.000000
146.648758, 25.846092, 25.366665, 0.000000, 0.000000, 0.000000, 0.000000, 0.000000, 0.000000, 1130.000000
147.769287, 25.836088, 25.370951, 0.000000, 0.000000, 0.000000, 0.000000, 0.000000, 0.000000, 1140.000000
148.886520, 25.826382, 25.375050, 0.000000, 0.000000, 0.000000, 0.000000, 0.000000, 0.000000, 1150.000000
150.000214, 25.816963, 25.378969, 0.000000, 0.000000, 0.000000, 0.000000, 0.000000, 0.000000, 1160.000000
151.110138, 25.807823, 25.382715, 0.000000, 0.000000, 0.000000, 0.000000, 0.000000, 0.000000, 1170.000000
152.216217, 25.798952, 25.386293, 0.000000, 0.000000, 0.000000, 0.000000, 0.000000, 0.000000, 1180.000000
153.318512, 25.790340, 25.389709, 0.000000, 0.000000, 0.000000, 0.000000, 0.000000, 0.000000, 1190.000000
154.417740, 25.781981, 25.392969, 0.000000, 0.000000, 0.000000, 0.000000, 0.000000, 0.000000, 1200.000000
155.515717, 25.773863, 25.396076, 0.000000, 0.000000, 0.000000, 0.000000, 0.000000, 0.000000, 1210.000000
156.616684, 25.765980, 25.399038, 0.000000, 0.000000, 0.000000, 0.000000, 0.000000, 0.000000, 1220.000000
157.726822, 25.758322, 25.401859, 0.000000, 0.000000, 0.000000, 0.000000, 0.000000, 0.000000, 1230.000000
158.854889, 25.750883, 25.404545, 0.000000, 0.000000, 0.000000, 0.000000, 0.000000, 0.000000, 1240.000000
160.011902, 25.743656, 25.407101, 0.000000, 0.000000, 0.000000, 0.000000, 0.000000, 0.000000, 1250.000000
161.211487, 25.736633, 25.409529, 0.000000, 0.000000, 0.000000, 0.000000, 0.000000, 0.000000, 1260.000000
162.470871, 26.313292, 25.411837, 0.000000, 0.000000, 0.000000, 0.000000, 0.000000, 0.000000, 1270.000000
163.747253, 26.899843, 25.420971, 0.000000, 0.000000, 0.000000, 0.000000, 0.000000, 0.000000, 1280.000000
164.991852, 27.492788, 25.436943, 0.000000, 0.000000, 0.000000, 0.000000, 0.000000, 0.000000, 1290.000000
166.214203, 28.089178, 25.459721, 0.000000, 0.000000, 0.000000, 0.000000, 0.000000, 0.000000, 1300.000000
167.421509, 28.686525, 25.489237, 0.000000, 0.000000, 0.000000, 0.000000, 0.000000, 0.000000, 1310.000000
168.619354, 29.282757, 25.525398, 0.000000, 0.000000, 0.000000, 0.000000, 0.000000, 0.000000, 1320.000000
169.812088, 29.876177, 25.568085, 0.000000, 0.000000, 0.000000, 0.000000, 0.000000, 0.000000, 1330.000000
171.003113, 30.465536, 25.617163, 0.000000, 0.000000, 0.000000, 0.000000, 0.000000, 0.000000, 1340.000000
172.194336, 31.050175, 25.672480, 0.000000, 0.000000, 0.000000, 0.000000, 0.000000, 0.000000, 1350.000000
173.387009, 31.630022, 25.733883, 0.000000, 0.000000, 0.000000, 0.000000, 0.000000, 0.000000, 1360.000000
174.580933, 32.205490, 25.801220, 0.000000, 0.000000, 0.000000, 0.000000, 0.000000, 0.000000, 1370.000000
174.580933, 32.071850, 25.874344, 0.000000, 0.000000, 0.000000, 0.000000, 0.000000, 0.000000, 1380.000000
175.830505, 31.942524, 25.944723, 0.000000, 0.000000, 0.000000, 0.000000, 0.000000, 0.000000, 1390.000000
177.211975, 31.817366, 26.012453, 0.000000, 0.000000, 0.000000, 0.000000, 0.000000, 0.000000, 1400.000000
178.769135, 31.696232, 26.077625, 0.000000, 0.000000, 0.000000, 0.000000, 0.000000, 0.000000, 1410.000000
180.568619, 31.578985, 26.140327, 0.000000, 0.000000, 0.000000, 0.000000, 0.000000, 0.000000, 1420.000000
182.715302, 31.465494, 26.200645, 0.000000, 0.000000, 0.000000, 0.000000, 0.000000, 0.000000, 1430.000000
185.386337, 31.355629, 26.258659, 0.000000, 0.000000, 0.000000, 0.000000, 0.000000, 0.000000, 1440.000000
188.908813, 31.249268, 26.314451, 0.000000, 0.000000, 0.000000, 0.000000, 0.000000, 0.000000, 1450.000000
193.893478, 31.146290, 26.368097, 0.000000, 0.000000, 0.000000, 0.000000, 0.000000, 0.000000, 1460.000000
200.867996, 31.046581, 26.419670, 0.000000, 0.000000, 0.000000, 0.000000, 0.000000, 0.000000, 1470.000000
207.947922, 30.950029, 26.469244, 0.000000, 0.000000, 0.000000, 0.000000, 0.000000, 0.000000, 1480.000000
213.114822, 30.856527, 26.516886, 0.000000, 0.000000, 0.000000, 0.000000, 0.000000, 0.000000, 1490.000000
216.836365, 30.765970, 26.562662, 0.000000, 0.000000, 0.000000, 0.000000, 0.000000, 0.000000, 1500.000000
219.735535, 30.678257, 26.606640, 0.000000, 0.000000, 0.000000, 0.000000, 0.000000, 0.000000, 1510.000000
222.149689, 30.593292, 26.648880, 0.000000, 0.000000, 0.000000, 0.000000, 0.000000, 0.000000, 1520.000000
224.260971, 30.510983, 26.689442, 0.000000, 0.000000, 0.000000, 0.000000, 0.000000, 0.000000, 1530.000000
226.176086, 30.431236, 26.728384, 0.000000, 0.000000, 0.000000, 0.000000, 0.000000, 0.000000, 1540.000000
227.962570, 30.353968, 26.765762, 0.000000, 0.000000, 0.000000, 0.000000, 0.000000, 0.000000, 1550.000000
229.665878, 30.279091, 26.801632, 0.000000, 0.000000, 0.000000, 0.000000, 0.000000, 0.000000, 1560.000000
231.317444, 30.206526, 26.836044, 0.000000, 0.000000, 0.000000, 0.000000, 0.000000, 0.000000, 1570.000000
232.938858, 30.136192, 26.869049, 0.000000, 0.000000, 0.000000, 0.000000, 0.000000, 0.000000, 1580.000000
234.544754, 30.068016, 26.900696, 0.000000, 0.000000, 0.000000, 0.000000, 0.000000, 0.000000, 1590.000000
236.144913, 30.001923, 26.931032, 0.000000, 0.000000, 0.000000, 0.000000, 0.000000, 0.000000, 1600.000000
237.745346, 29.937841, 26.960104, 0.000000, 0.000000, 0.000000, 0.000000, 0.000000, 0.000000, 1610.000000
239.350281, 29.875704, 26.987953, 0.000000, 0.000000, 0.000000, 0.000000, 0.000000, 0.000000, 1620.000000
240.964417, 29.815443, 27.014624, 0.000000, 0.000000, 0.000000, 0.000000, 0.000000, 0.000000, 1630.000000
242.592926, 29.756996, 27.040157, 0.000000, 0.000000, 0.000000, 0.000000, 0.000000, 0.000000, 1640.000000
244.234894, 29.700302, 27.064592, 0.000000, 0.000000, 0.000000, 0.000000, 0.000000, 0.000000, 1650.000000
