Time(s), Twind(°C), TMotCase(°C), Flat_i(N), Flat_o(N), Flat_r(N), Frad_i(N), Frad_o(N), Frad_r(N)
0.000000, 25.000000, 25.000000, 0.000000, 0.000000, 0.000000, 0.000000, 0.000000, 0.000000, 0.000000
1.658373, 25.000000, 25.000000, 0.000000, 0.000000, 0.000000, 0.000000, 0.000000, 0.000000, 10.000000
3.356121, 25.000000, 25.000000, 0.000000, 0.000000, 0.000000, 0.000000, 0.000000, 0.000000, 20.000000
5.094896, 25.000000, 25.000000, 0.000000, 0.000000, 0.000000, 0.000000, 0.000000, 0.000000, 30.000000
6.876197, 25.000000, 25.000000, 0.000000, 0.000000, 0.000000, 0.000000, 0.000000, 0.000000, 40.000000
8.701571, 25.000000, 25.000000, 0.000000, 0.000000, 0.000000, 0.000000, 0.000000, 0.000000, 50.000000
10.572935, 25.000000, 25.000000, 0.000000, 0.000000, 0.000000, 0.000000, 0.000000, 0.000000, 60.000000
12.492939, 25.000000, 25.000000, 0.000000, 0.000000, 0.000000, 0.000000, 0.000000, 0.000000, 70.000000
14.465233, 25.000000, 25.000000, 0.000000, 0.000000, 0.000000, 0.000000, 0.000000, 0.000000, 80.000000
16.494513, 25.000000, 25.000000, 0.000000, 0.000000, 0.000000, 0.000000, 0.000000, 0.000000, 90.000000
18.584106, 25.000000, 25.000000, 0.000000, 0.000000, 0.000000, 0.000000, 0.000000, 0.000000, 100.000000
20.731037, 25.000000, 25.000000, 0.000000, 0.000000, 0.000000, 0.000000, 0.000000, 0.000000, 110.000000
22.922499, 25.000000, 25.000000, 0.000000, 0.000000, 0.000000, 0.000000, 0.000000, 0.000000, 120.000000
25.136036, 25.000000, 25.000000, 0.000000, 0.000000, 0.000000, 0.000000, 0.000000, 0.000000, 130.000000
27.342096, 25.000000, 25.000000, 0.000000, 0.000000, 0.000000, 0.000000, 0.000000, 0.000000, 140.000000
29.509478, 25.000000, 25.000000, 0.000000, 0.000000, 0.000000, 0.000000, 0.000000, 0.000000, 150.000000
31.612520, 25.000000, 25.000000, 0.000000, 0.000000, 0.000000, 0.000000, 0.000000, 0.000000, 160.000000
33.634331, 25.000000, 25.000000, 0.000000, 0.000000, 0.000000, 0.000000, 0.000000, 0.000000, 170.000000
35.566711, 25.000000, 25.000000, 0.000000, 0.000000, 0.000000, 0.000000, 0.000000, 0.000000, 180.000000
37.408325, 25.000000, 25.000000, 0.000000, 0.000000, 0.000000, 0.000000, 0.000000, 0.000000, 190.000000
39.162151, 25.000000, 25.000000, 0.000000, 0.000000, 0.000000, 0.000000, 0.000000, 0.000000, 200.000000
40.833118, 25.000000, 25.000000, 0.000000, 0.000000, 0.000000, 0.000000, 0.000000, 0.000000, 210.000000
42.426701, 25.000000, 25.000000, 0.000000, 0.000000, 0.000000, 0.000000, 0.000000, 0.000000, 220.000000
43.948574, 25.000000, 25.000000, 0.000000, 0.000000, 0.000000, 0.000000, 0.000000, 0.000000, 230.000000
45.404556, 25.000000, 25.000000, 0.000000, 0.000000, 0.000000, 0.000000, 0.000000, 0.000000, 240.000000
46.800461, 25.000000, 25.000000, 0.000000, 0.000000, 0.000000, 0.000000, 0.000000, 0.000000, 250.000000
48.142036, 25.000000, 25.000000, 0.000000, 0.000000, 0.000000, 0.000000, 0.000000, 0.000000, 260.000000
49.434967, 25.000000, 25.000000, 0.000000, 0.000000, 0.000000, 0.000000, 0.000000, 0.000000, 270.000000
50.684715, 25.000000, 25.000000, 0.000000, 0.000000, 0.000000, 0.000000, 0.000000, 0.000000, 280.000000
51.896332, 25.000000, 25.000000, 0.000000, 0.000000, 0.000000, 0.000000, 0.000000, 0.000000, 290.000000
53.074436, 25.000000, 25.000000, 0.000000, 0.000000, 0.000000, 0.000000, 0.000000, 0.000000, 300.000000
54.223454, 25.000000, 25.000000, 0.000000, 0.000000, 0.000000, 0.000000, 0.000000, 0.000000, 310.000000
55.347782, 25.000000, 25.000000, 0.000000, 0.000000, 0.000000, 0.000000, 0.000000, 0.000000, 320.000000
56.451859, 25.000000, 25.000000, 0.000000, 0.000000, 0.000000, 0.000000, 0.000000, 0.000000, 330.000000
57.540009, 25.000000, 25.000000, 0.000000, 0.000000, 0.000000, 0.000000, 0.000000, 0.000000, 340.000000
58.616207, 25.000000, 25.000000, 0.000000, 0.000000, 0.000000, 0.000000, 0.000000, 0.000000, 350.000000
59.683865, 25.000000, 25.000000, 0.000000, 0.000000, 0.000000, 0.000000, 0.000000, 0.000000, 360.000000
60.745548, 25.000000, 25.000000, 0.000000, 0.000000, 0.000000, 0.000000, 0.000000, 0.000000, 370.000000
61.802937, 25.000000, 25.000000, 0.000000, 0.000000, 0.000000, 0.000000, 0.000000, 0.000000, 380.000000
62.856865, 25.000000, 25.000000, 0.000000, 0.000000, 0.000000, 0.000000, 0.000000, 0.000000, 390.000000
63.907627, 25.000000, 25.000000, 0.000000, 0.000000, 0.000000, 0.000000, 0.000000, 0.000000, 400.000000
64.955490, 25.000000, 25.000000, 0.000000, 0.000000, 0.000000, 0.000000, 0.000000, 0.000000, 410.000000
66.000900, 25.000000, 25.000000, 0.000000, 0.000000, 0.000000, 0.000000, 0.000000, 0.000000, 420.000000
67.044441, 25.000000, 25.000000, 0.000000, 0.000000, 0.000000, 0.000000, 0.000000, 0.000000, 430.000000
68.086960, 25.000000, 25.000000, 0.000000, 0.000000, 0.000000, 0.000000, 0.000000, 0.000000, 440.000000
69.128899, 25.000000, 25.000000, 0.000000, 0.000000, 0.000000, 0.000000, 0.000000, 0.000000, 450.000000
70.171364, 25.000000, 25.000000, 0.000000, 0.000000, 0.000000, 0.000000, 0.000000, 0.000000, 460.000000
71.214790, 25.000000, 25.000000, 0.000000, 0.000000, 0.000000, 0.000000, 0.000000, 0.000000, 470.000000
72.259399, 25.000000, 25.000000, 0.000000, 0.000000, 0.000000, 0.000000, 0.000000, 0.000000, 480.000000
73.305534, 25.000000, 25.000000, 0.000000, 0.000000, 0.000000, 0.000000, 0.000000, 0.000000, 490.000000
74.353600, 25.000000, 25.000000, 0.000000, 0.000000, 0.000000, 0.000000, 0.000000, 0.000000, 500.000000
75.403992, 25.000000, 25.000000, 0.000000, 0.000000, 0.000000, 0.000000, 0.000000, 0.000000, 510.000000
76.457283, 25.000000, 25.000000, 0.000000, 0.000000, 0.000000, 0.000000, 0.000000, 0.000000, 520.000000
77.514069, 25.000000, 25.000000, 0.000000, 0.000000, 0.000000, 0.000000, 0.000000, 0.000000, 530.000000
78.574890, 25.000000, 25.000000, 0.000000, 0.000000, 0.000000, 0.000000, 0.000000, 0.000000, 540.000000
79.640251, 25.000000, 25.000000, 0.000000, 0.000000, 0.000000, 0.000000, 0.000000, 0.000000, 550.000000
80.710526, 25.000000, 25.000000, 0.000000, 0.000000, 0.000000, 0.000000, 0.000000, 0.000000, 560.000000
81.786049, 25.000000, 25.000000, 0.000000, 0.000000, 0.000000, 0.000000, 0.000000, 0.000000, 570.000000
82.867271, 25.000000, 25.000000, 0.000000, 0.000000, 0.000000, 0.000000, 0.000000, 0.000000, 580.000000
83.954796, 25.000000, 25.000000, 0.000000, 0.000000, 0.000000, 0.000000, 0.000000, 0.000000, 590.000000
85.049431, 25.000000, 25.000000, 0.000000, 0.000000, 0.000000, 0.000000, 0.000000, 0.000000, 600.000000
86.152214, 25.000000, 25.000000, 0.000000, 0.000000, 0.000000, 0.000000, 0.000000, 0.000000, 610.000000
87.264565, 25.000000, 25.000000, 0.000000, 0.000000, 0.000000, 0.000000, 0.000000, 0.000000, 620.000000
88.388748, 25.000000, 25.000000, 0.000000, 0.000000, 0.000000, 0.000000, 0.000000, 0.000000, 630.000000
89.528290, 25.000000, 25.000000, 0.000000, 0.000000, 0.000000, 0.000000, 0.000000, 0.000000, 640.000000
90.687592, 25.000000, 25.000000, 0.000000, 0.000000, 0.000000, 0.000000, 0.000000, 0.000000, 650.000000
91.871017, 25.000000, 25.000000, 0.000000, 0.000000, 0.000000, 0.000000, 0.000000, 0.000000, 660.000000
93.082253, 25.000000, 25.000000, 0.000000, 0.000000, 0.000000, 0.000000, 0.000000, 0.000000, 670.000000
94.324036, 25.000000, 25.000000, 0.000000, 0.000000, 0.000000, 0.000000, 0.000000, 0.000000, 680.000000
95.598099, 25.000000, 25.000000, 0.000000, 0.000000, 0.000000, 0.000000, 0.000000, 0.000000, 690.000000
96.905296, 25.000000, 25.000000, 0.000000, 0.000000, 0.000000, 0.000000, 0.000000, 0.000000, 700.000000
98.245796, 25.446314, 25.000000, 0.000000, 0.000000, 0.000000, 0.000000, 0.000000, 0.000000, 710.000000
99.564034, 25.437000, 25.005312, 0.000000, 0.000000, 0.000000, 0.000000, 0.000000, 0.000000, 720.000000
100.860512, 25.427992, 25.010429, 0.000000, 0.000000, 0.000000, 0.000000, 0.000000, 0.000000, 730.000000
102.186157, 25.419279, 25.015360, 0.000000, 0.000000, 0.000000, 0.000000, 0.000000, 0.000000, 740.000000
103.536560, 25.410851, 25.020107, 0.000000, 0.000000, 0.000000, 0.000000, 0.000000, 0.000000, 750.000000
104.905022, 25.402697, 25.024681, 0.000000, 0.000000, 0.000000, 0.000000, 0.000000, 0.000000, 760.000000
106.284134, 25.394808, 25.029085, 0.000000, 0.000000, 0.000000, 0.000000, 0.000000, 0.000000, 770.000000
107.667969, 25.387177, 25.033325, 0.000000, 0.000000, 0.000000, 0.000000, 0.000000, 0.000000, 780.000000
109.053345, 25.379793, 25.037409, 0.000000, 0.000000, 0.000000, 0.000000, 0.000000, 0.000000, 790.000000
110.439796, 25.372648, 25.041340, 0.000000, 0.000000, 0.000000, 0.000000, 0.000000, 0.000000, 800.000000
111.828583, 25.365734, 25.045124, 0.000000, 0.000000, 0.000000, 0.000000, 0.000000, 0.000000, 810.000000
113.221550, 25.359043, 25.048765, 0.000000, 0.000000, 0.000000, 0.000000, 0.000000, 0.000000, 820.000000
114.619484, 25.352568, 25.052269, 0.000000, 0.000000, 0.000000, 0.000000, 0.000000, 0.000000, 830.000000
116.021141, 25.346302, 25.055641, 0.000000, 0.000000, 0.000000, 0.000000, 0.000000, 0.000000, 840.000000
117.423813, 25.340237, 25.058886, 0.000000, 0.000000, 0.000000, 0.000000, 0.000000, 0.000000, 850.000000
118.824959, 25.334366, 25.062006, 0.000000, 0.000000, 0.000000, 0.000000, 0.000000, 0.000000, 860.000000
120.223473, 25.871006, 25.065008, 0.000000, 0.000000, 0.000000, 0.000000, 0.000000, 0.000000, 870.000000
121.549782, 25.854187, 25.074350, 0.000000, 0.000000, 0.000000, 0.000000, 0.000000, 0.000000, 880.000000
122.811470, 25.837914, 25.083345, 0.000000, 0.000000, 0.000000, 0.000000, 0.000000, 0.000000, 890.000000
124.071098, 25.822168, 25.092005, 0.000000, 0.000000, 0.000000, 0.000000, 0.000000, 0.000000, 900.000000
125.327179, 25.806932, 25.100340, 0.000000, 0.000000, 0.000000, 0.000000, 0.000000, 0.000000, 910.000000
126.578087, 25.792187, 25.108362, 0.000000, 0.000000, 0.000000, 0.000000, 0.000000, 0.000000, 920.000000
127.822365, 25.777918, 25.116081, 0.000000, 0.000000, 0.000000, 0.000000, 0.000000, 0.000000, 930.000000
129.058975, 25.764107, 25.123508, 0.000000, 0.000000, 0.000000, 0.000000, 0.000000, 0.000000, 940.000000
130.287399, 25.750738, 25.130655, 0.000000, 0.000000, 0.000000, 0.000000, 0.000000, 0.000000, 950.000000
131.507584, 25.737799, 25.137529, 0.000000, 0.000000, 0.000000, 0.000000, 0.000000, 0.000000, 960.000000
132.719757, 25.725273, 25.144142, 0.000000, 0.000000, 0.000000, 0.000000, 0.000000, 0.000000, 970.000000
133.924271, 25.713146, 25.150501, 0.000000, 0.000000, 0.000000, 0.000000, 0.000000, 0.000000, 980.000000
135.121597, 25.701405, 25.156614, 0.000000, 0.000000, 0.000000, 0.000000, 0.000000, 0.000000, 990.000000
136.312225, 25.690037, 25.162493, 0.000000, 0.000000, 0.000000, 0.000000, 0.000000, 0.000000, 1000.000000
137.496643, 25.679028, 25.168142, 0.000000, 0.000000, 0.000000, 0.000000, 0.000000, 0.000000, 1010.000000
138.675430, 25.668367, 25.173573, 0.000000, 0.000000, 0.000000, 0.000000, 0.000000, 0.000000, 1020.000000
139.849152, 25.658043, 25.178789, 0.000000, 0.000000, 0.000000, 0.000000, 0.000000, 0.000000, 1030.000000
141.018326, 25.648043, 25.183802, 0.000000, 0.000000, 0.000000, 0.000000, 0.000000, 0.000000, 1040.000000
142.183395, 25.638355, 25.188616, 0.000000, 0.000000, 0.000000, 0.000000, 0.000000, 0.000000, 1050.000000
143.344772, 25.628971, 25.193237, 0.000000, 0.000000, 0.000000, 0.000000, 0.000000, 0.000000, 1060.000000
144.502655, 25.619879, 25.197676, 0.000000, 0.000000, 0.000000, 0.000000, 0.000000, 0.000000, 1070.000000
145.657242, 25.611069, 25.201935, 0.000000, 0.000000, 0.000000, 0.000000, 0.000000, 0.000000, 1080.000000
146.808701, 25.602531, 25.206022, 0.000000, 0.000000, 0.000000, 0.000000, 0.000000, 0.000000, 1090.000000
147.957092, 25.594257, 25.209944, 0.000000, 0.000000, 0.000000, 0.000000, 0.000000, 0.000000, 1100.000000
149.102478, 25.586237, 25.213705, 0.000000, 0.000000, 0.000000, 0.000000, 0.000000, 0.000000, 1110.000000
150.244858, 25.578463, 25.217312, 0.000000, 0.000000, 0.000000, 0.000000, 0.000000, 0.000000, 1120.000000
151.384094, 25.570927, 25.220768, 0.000000, 0.000000, 0.000000, 0.000000, 0.000000, 0.000000, 1130.000000
152.519974, 25.563620, 25.224081, 0.000000, 0.000000, 0.000000, 0.000000, 0.000000, 0.000000, 1140.000000
153.652222, 25.556534, 25.227255, 0.000000, 0.000000, 0.000000, 0.000000, 0.000000, 0.000000, 1150.000000
154.780609, 25.549662, 25.230293, 0.000000, 0.000000, 0.000000, 0.000000, 0.000000, 0.000000, 1160.000000
155.904877, 25.542997, 25.233202, 0.000000, 0.000000, 0.000000, 0.000000, 0.000000, 0.000000, 1170.000000
157.024979, 25.536533, 25.235987, 0.000000, 0.000000, 0.000000, 0.000000, 0.000000, 0.000000, 1180.000000
158.140945, 25.530262, 25.238649, 0.000000, 0.000000, 0.000000, 0.000000, 0.000000, 0.000000, 1190.000000
159.253510, 25.524178, 25.241196, 0.000000, 0.000000, 0.000000, 0.000000, 0.000000, 0.000000, 1200.000000
160.365219, 25.518272, 25.243629, 0.000000, 0.000000, 0.000000, 0.000000, 0.000000, 0.000000, 1210.000000
161.479233, 25.512541, 25.245955, 0.000000, 0.000000, 0.000000, 0.000000, 0.000000, 0.000000, 1220.000000
162.602554, 25.506977, 25.248175, 0.000000, 0.000000, 0.000000, 0.000000, 0.000000, 0.000000, 1230.000000
163.744263, 26.145945, 25.250294, 0.000000, 0.000000, 0.000000, 0.000000, 0.000000, 0.000000, 1240.000000
164.870071, 26.127254, 25.259985, 0.000000, 0.000000, 0.000000, 0.000000, 0.000000, 0.000000, 1250.000000
165.989944, 26.767824, 25.269300, 0.000000, 0.000000, 0.000000, 0.000000, 0.000000, 0.000000, 1260.000000
167.112961, 26.736553, 25.286093, 0.000000, 0.000000, 0.000000, 0.000000, 0.000000, 0.000000, 1270.000000
168.247757, 27.359840, 25.302248, 0.000000, 0.000000, 0.000000, 0.000000, 0.000000, 0.000000, 1280.000000
169.402023, 27.990391, 25.325567, 0.000000, 0.000000, 0.000000, 0.000000, 0.000000, 0.000000, 1290.000000
170.536728, 28.348171, 25.356024, 0.000000, 0.000000, 0.000000, 0.000000, 0.000000, 0.000000, 1300.000000
171.678024, 28.964443, 25.390259, 0.000000, 0.000000, 0.000000, 0.000000, 0.000000, 0.000000, 1310.000000
172.830750, 29.580315, 25.431290, 0.000000, 0.000000, 0.000000, 0.000000, 0.000000, 0.000000, 1320.000000
173.977966, 30.194151, 25.479004, 0.000000, 0.000000, 0.000000, 0.000000, 0.000000, 0.000000, 1330.000000
175.122635, 30.804764, 25.533272, 0.000000, 0.000000, 0.000000, 0.000000, 0.000000, 0.000000, 1340.000000
175.122635, 31.411543, 25.593950, 0.000000, 0.000000, 0.000000, 0.000000, 0.000000, 0.000000, 1350.000000
176.266647, 32.014454, 25.660894, 0.000000, 0.000000, 0.000000, 0.000000, 0.000000, 0.000000, 1360.000000
177.410843, 32.613937, 25.733959, 0.000000, 0.000000, 0.000000, 0.000000, 0.000000, 0.000000, 1370.000000
178.554504, 32.470371, 25.813005, 0.000000, 0.000000, 0.000000, 0.000000, 0.000000, 0.000000, 1380.000000
179.745636, 32.331448, 25.889097, 0.000000, 0.000000, 0.000000, 0.000000, 0.000000, 0.000000, 1390.000000
181.049866, 32.197010, 25.962334, 0.000000, 0.000000, 0.000000, 0.000000, 0.000000, 0.000000, 1400.000000
182.499496, 32.066910, 26.032816, 0.000000, 0.000000, 0.000000, 0.000000, 0.000000, 0.000000, 1410.000000
184.139343, 31.940994, 26.100637, 0.000000, 0.000000, 0.000000, 0.000000, 0.000000, 0.000000, 1420.000000
186.030182, 31.819120, 26.165890, 0.000000, 0.000000, 0.000000, 0.000000, 0.000000, 0.000000, 1430.000000
188.251999, 31.701151, 26.228662, 0.000000, 0.000000, 0.000000, 0.000000, 0.000000, 0.000000, 1440.000000
190.898651, 31.586954, 26.289040, 0.000000, 0.000000, 0.000000, 0.000000, 0.000000, 0.000000, 1450.000000
194.029739, 31.476400, 26.347105, 0.000000, 0.000000, 0.000000, 0.000000, 0.000000, 0.000000, 1460.000000
197.538300, 31.369366, 26.402939, 0.000000, 0.000000, 0.000000, 0.000000, 0.000000, 0.000000, 1470.000000
201.070465, 31.265728, 26.456617, 0.000000, 0.000000, 0.000000, 0.000000, 0.000000, 0.000000, 1480.000000
204.267639, 31.165375, 26.508217, 0.000000, 0.000000, 0.000000, 0.000000, 0.000000, 0.000000, 1490.000000
207.019592, 31.068192, 26.557806, 0.000000, 0.000000, 0.000000, 0.000000, 0.000000, 0.000000, 1500.000000
209.389221, 30.974072, 26.605457, 0.000000, 0.000000, 0.000000, 0.000000, 0.000000, 0.000000, 1510.000000
211.474670, 30.882910, 26.651236, 0.000000, 0.000000, 0.000000, 0.000000, 0.000000, 0.000000, 1520.000000
213.358521, 30.794605, 26.695208, 0.000000, 0.000000, 0.000000, 0.000000, 0.000000, 0.000000, 1530.000000
215.102295, 30.709061, 26.737434, 0.000000, 0.000000, 0.000000, 0.000000, 0.000000, 0.000000, 1540.000000
216.750977, 30.626183, 26.777977, 0.000000, 0.000000, 0.000000, 0.000000, 0.000000, 0.000000, 1550.000000
218.337784, 30.545879, 26.816893, 0.000000, 0.000000, 0.000000, 0.000000, 0.000000, 0.000000, 1560.000000
219.887009, 30.468065, 26.854239, 0.000000, 0.000000, 0.000000, 0.000000, 0.000000, 0.000000, 1570.000000
221.415787, 30.392654, 26.890070, 0.000000, 0.000000, 0.000000, 0.000000, 0.000000, 0.000000, 1580.000000
222.935776, 30.319565, 26.924438, 0.000000, 0.000000, 0.000000, 0.000000, 0.000000, 0.000000, 1590.000000
224.454468, 30.248716, 26.957396, 0.000000, 0.000000, 0.000000, 0.000000, 0.000000, 0.000000, 1600.000000
225.976425, 30.180035, 26.988989, 0.000000, 0.000000, 0.000000, 0.000000, 0.000000, 0.000000, 1610.000000
227.504822, 30.113445, 27.019266, 0.000000, 0.000000, 0.000000, 0.000000, 0.000000, 0.000000, 1620.000000
229.043503, 30.048878, 27.048273, 0.000000, 0.000000, 0.000000, 0.000000, 0.000000, 0.000000, 1630.000000
230.596786, 29.986263, 27.076054, 0.000000, 0.000000, 0.000000, 0.000000, 0.000000, 0.000000, 1640.000000
232.162979, 29.925535, 27.102650, 0.000000, 0.000000, 0.000000, 0.000000, 0.000000, 0.000000, 1650.000000
