Time(s), Twind(°C), TMotCase(°C), Flat_i(N), Flat_o(N), Flat_r(N), Frad_i(N), Frad_o(N), Frad_r(N)
0.000000, 25.000000, 25.000000, 0.000000, 0.000000, 0.000000, 0.000000, 0.000000, 0.000000, 0.000000
1.686567, 25.000000, 25.000000, 0.000000, 0.000000, 0.000000, 0.000000, 0.000000, 0.000000, 10.000000
3.414376, 25.000000, 25.000000, 0.000000, 0.000000, 0.000000, 0.000000, 0.000000, 0.000000, 20.000000
5.185250, 25.000000, 25.000000, 0.000000, 0.000000, 0.000000, 0.000000, 0.000000, 0.000000, 30.000000
7.000843, 25.000000, 25.000000, 0.000000, 0.000000, 0.000000, 0.000000, 0.000000, 0.000000, 40.000000
8.862874, 25.000000, 25.000000, 0.000000, 0.000000, 0.000000, 0.000000, 0.000000, 0.000000, 50.000000
10.773464, 25.000000, 25.000000, 0.000000, 0.000000, 0.000000, 0.000000, 0.000000, 0.000000, 60.000000
12.735477, 25.000000, 25.000000, 0.000000, 0.000000, 0.000000, 0.000000, 0.000000, 0.000000, 70.000000
14.752827, 25.000000, 25.000000, 0.000000, 0.000000, 0.000000, 0.000000, 0.000000, 0.000000, 80.000000
16.830540, 25.000000, 25.000000, 0.000000, 0.000000, 0.000000, 0.000000, 0.000000, 0.000000, 90.000000
18.972187, 25.000000, 25.000000, 0.000000, 0.000000, 0.000000, 0.000000, 0.000000, 0.000000, 100.000000
21.174540, 25.000000, 25.000000, 0.000000, 0.000000, 0.000000, 0.000000, 0.000000, 0.000000, 110.000000
23.423729, 25.000000, 25.000000, 0.000000, 0.000000, 0.000000, 0.000000, 0.000000, 0.000000, 120.000000
25.695406, 25.000000, 25.000000, 0.000000, 0.000000, 0.000000, 0.000000, 0.000000, 0.000000, 130.000000
27.957640, 25.000000, 25.000000, 0.000000, 0.000000, 0.000000, 0.000000, 0.000000, 0.000000, 140.000000
30.177172, 25.000000, 25.000000, 0.000000, 0.000000, 0.000000, 0.000000, 0.000000, 0.000000, 150.000000
32.326981, 25.000000, 25.000000, 0.000000, 0.000000, 0.000000, 0.000000, 0.000000, 0.000000, 160.000000
34.389671, 25.000000, 25.000000, 0.000000, 0.000000, 0.000000, 0.000000, 0.000000, 0.000000, 170.000000
36.357235, 25.000000, 25.000000, 0.000000, 0.000000, 0.000000, 0.000000, 0.000000, 0.000000, 180.000000
38.228909, 25.000000, 25.000000, 0.000000, 0.000000, 0.000000, 0.000000, 0.000000, 0.000000, 190.000000
40.008392, 25.000000, 25.000000, 0.000000, 0.000000, 0.000000, 0.000000, 0.000000, 0.000000, 200.000000
41.701294, 25.000000, 25.000000, 0.000000, 0.000000, 0.000000, 0.000000, 0.000000, 0.000000, 210.000000
43.313694, 25.000000, 25.000000, 0.000000, 0.000000, 0.000000, 0.000000, 0.000000, 0.000000, 220.000000
44.851768, 25.000000, 25.000000, 0.000000, 0.000000, 0.000000, 0.000000, 0.000000, 0.000000, 230.000000
46.321774, 25.000000, 25.000000, 0.000000, 0.000000, 0.000000, 0.000000, 0.000000, 0.000000, 240.000000
47.729881, 25.000000, 25.000000, 0.000000, 0.000000, 0.000000, 0.000000, 0.000000, 0.000000, 250.000000
49.082146, 25.000000, 25.000000, 0.000000, 0.000000, 0.000000, 0.000000, 0.000000, 0.000000, 260.000000
50.384510, 25.000000, 25.000000, 0.000000, 0.000000, 0.000000, 0.000000, 0.000000, 0.000000, 270.000000
51.642666, 25.000000, 25.000000, 0.000000, 0.000000, 0.000000, 0.000000, 0.000000, 0.000000, 280.000000
52.861835, 25.000000, 25.000000, 0.000000, 0.000000, 0.000000, 0.000000, 0.000000, 0.000000, 290.000000
54.046799, 25.000000, 25.000000, 0.000000, 0.000000, 0.000000, 0.000000, 0.000000, 0.000000, 300.000000
55.202099, 25.000000, 25.000000, 0.000000, 0.000000, 0.000000, 0.000000, 0.000000, 0.000000, 310.000000
56.332226, 25.000000, 25.000000, 0.000000, 0.000000, 0.000000, 0.000000, 0.000000, 0.000000, 320.000000
57.441696, 25.000000, 25.000000, 0.000000, 0.000000, 0.000000, 0.000000, 0.000000, 0.000000, 330.000000
58.534901, 25.000000, 25.000000, 0.000000, 0.000000, 0.000000, 0.000000, 0.000000, 0.000000, 340.000000
59.615860, 25.000000, 25.000000, 0.000000, 0.000000, 0.000000, 0.000000, 0.000000, 0.000000, 350.000000
60.687996, 25.000000, 25.000000, 0.000000, 0.000000, 0.000000, 0.000000, 0.000000, 0.000000, 360.000000
61.753933, 25.000000, 25.000000, 0.000000, 0.000000, 0.000000, 0.000000, 0.000000, 0.000000, 370.000000
62.815388, 25.000000, 25.000000, 0.000000, 0.000000, 0.000000, 0.000000, 0.000000, 0.000000, 380.000000
63.873207, 25.000000, 25.000000, 0.000000, 0.000000, 0.000000, 0.000000, 0.000000, 0.000000, 390.000000
64.927750, 25.000000, 25.000000, 0.000000, 0.000000, 0.000000, 0.000000, 0.000000, 0.000000, 400.000000
65.979248, 25.000000, 25.000000, 0.000000, 0.000000, 0.000000, 0.000000, 0.000000, 0.000000, 410.000000
67.028214, 25.000000, 25.000000, 0.000000, 0.000000, 0.000000, 0.000000, 0.000000, 0.000000, 420.000000
68.075256, 25.000000, 25.000000, 0.000000, 0.000000, 0.000000, 0.000000, 0.000000, 0.000000, 430.000000
69.121239, 25.000000, 25.000000, 0.000000, 0.000000, 0.000000, 0.000000, 0.000000, 0.000000, 440.000000
70.168327, 25.000000, 25.000000, 0.000000, 0.000000, 0.000000, 0.000000, 0.000000, 0.000000, 450.000000
71.214188, 25.000000, 25.000000, 0.000000, 0.000000, 0.000000, 0.000000, 0.000000, 0.000000, 460.000000
72.260849, 25.000000, 25.000000, 0.000000, 0.000000, 0.000000, 0.000000, 0.000000, 0.000000, 470.000000
73.308762, 25.000000, 25.000000, 0.000000, 0.000000, 0.000000, 0.000000, 0.000000, 0.000000, 480.000000
74.358170, 25.000000, 25.000000, 0.000000, 0.000000, 0.000000, 0.000000, 0.000000, 0.000000, 490.000000
75.409447, 25.000000, 25.000000, 0.000000, 0.000000, 0.000000, 0.000000, 0.000000, 0.000000, 500.000000
76.463058, 25.000000, 25.000000, 0.000000, 0.000000, 0.000000, 0.000000, 0.000000, 0.000000, 510.000000
77.519569, 25.000000, 25.000000, 0.000000, 0.000000, 0.000000, 0.000000, 0.000000, 0.000000, 520.000000
78.579597, 25.000000, 25.000000, 0.000000, 0.000000, 0.000000, 0.000000, 0.000000, 0.000000, 530.000000
79.643646, 25.000000, 25.000000, 0.000000, 0.000000, 0.000000, 0.000000, 0.000000, 0.000000, 540.000000
80.712250, 25.000000, 25.000000, 0.000000, 0.000000, 0.000000, 0.000000, 0.000000, 0.000000, 550.000000
81.785782, 25.000000, 25.000000, 0.000000, 0.000000, 0.000000, 0.000000, 0.000000, 0.000000, 560.000000
82.864601, 25.000000, 25.000000, 0.000000, 0.000000, 0.000000, 0.000000, 0.000000, 0.000000, 570.000000
83.949150, 25.000000, 25.000000, 0.000000, 0.000000, 0.000000, 0.000000, 0.000000, 0.000000, 580.000000
85.040031, 25.000000, 25.000000, 0.000000, 0.000000, 0.000000, 0.000000, 0.000000, 0.000000, 590.000000
86.138062, 25.000000, 25.000000, 0.000000, 0.000000, 0.000000, 0.000000, 0.000000, 0.000000, 600.000000
87.244278, 25.000000, 25.000000, 0.000000, 0.000000, 0.000000, 0.000000, 0.000000, 0.000000, 610.000000
88.360130, 25.000000, 25.000000, 0.000000, 0.000000, 0.000000, 0.000000, 0.000000, 0.000000, 620.000000
89.487885, 25.000000, 25.000000, 0.000000, 0.000000, 0.000000, 0.000000, 0.000000, 0.000000, 630.000000
90.631088, 25.000000, 25.000000, 0.000000, 0.000000, 0.000000, 0.000000, 0.000000, 0.000000, 640.000000
91.794151, 25.000000, 25.000000, 0.000000, 0.000000, 0.000000, 0.000000, 0.000000, 0.000000, 650.000000
92.981438, 25.000000, 25.000000, 0.000000, 0.000000, 0.000000, 0.000000, 0.000000, 0.000000, 660.000000
94.196648, 25.000000, 25.000000, 0.000000, 0.000000, 0.000000, 0.000000, 0.000000, 0.000000, 670.000000
95.442513, 25.000000, 25.000000, 0.000000, 0.000000, 0.000000, 0.000000, 0.000000, 0.000000, 680.000000
96.720764, 25.000000, 25.000000, 0.000000, 0.000000, 0.000000, 0.000000, 0.000000, 0.000000, 690.000000
98.032249, 25.000000, 25.000000, 0.000000, 0.000000, 0.000000, 0.000000, 0.000000, 0.000000, 700.000000
99.377121, 25.000000, 25.000000, 0.000000, 0.000000, 0.000000, 0.000000, 0.000000, 0.000000, 710.000000
100.755051, 25.000000, 25.000000, 0.000000, 0.000000, 0.000000, 0.000000, 0.000000, 0.000000, 720.000000
102.165237, 25.000000, 25.000000, 0.000000, 0.000000, 0.000000, 0.000000, 0.000000, 0.000000, 730.000000
103.605316, 25.000000, 25.000000, 0.000000, 0.000000, 0.000000, 0.000000, 0.000000, 0.000000, 740.000000
105.070168, 25.000000, 25.000000, 0.000000, 0.000000, 0.000000, 0.000000, 0.000000, 0.000000, 750.000000
106.552193, 25.000000, 25.000000, 0.000000, 0.000000, 0.000000, 0.000000, 0.000000, 0.000000, 760.000000
108.043037, 25.000000, 25.000000, 0.000000, 0.000000, 0.000000, 0.000000, 0.000000, 0.000000, 770.000000
109.536057, 25.000000, 25.000000, 0.000000, 0.000000, 0.000000, 0.000000, 0.000000, 0.000000, 780.000000
111.027451, 25.000000, 25.000000, 0.000000, 0.000000, 0.000000, 0.000000, 0.000000, 0.000000, 790.000000
112.516388, 25.000000, 25.000000, 0.000000, 0.000000, 0.000000, 0.000000, 0.000000, 0.000000, 800.000000
114.000938, 25.000000, 25.000000, 0.000000, 0.000000, 0.000000, 0.000000, 0.000000, 0.000000, 810.000000
115.489754, 25.000000, 25.000000, 0.000000, 0.000000, 0.000000, 0.000000, 0.000000, 0.000000, 820.000000
116.980415, 25.000000, 25.000000, 0.000000, 0.000000, 0.000000, 0.000000, 0.000000, 0.000000, 830.000000
118.471870, 25.000000, 25.000000, 0.000000, 0.000000, 0.000000, 0.000000, 0.000000, 0.000000, 840.000000
119.961365, 25.000000, 25.000000, 0.000000, 0.000000, 0.000000, 0.000000, 0.000000, 0.000000, 850.000000
121.446655, 25.382751, 25.000000, 0.000000, 0.000000, 0.000000, 0.000000, 0.000000, 0.000000, 860.000000
122.862000, 25.796164, 25.004265, 0.000000, 0.000000, 0.000000, 0.000000, 0.000000, 0.000000, 870.000000
124.162315, 26.239061, 25.013073, 0.000000, 0.000000, 0.000000, 0.000000, 0.000000, 0.000000, 880.000000
125.369225, 26.215113, 25.026686, 0.000000, 0.000000, 0.000000, 0.000000, 0.000000, 0.000000, 890.000000
126.534492, 26.191898, 25.039831, 0.000000, 0.000000, 0.000000, 0.000000, 0.000000, 0.000000, 900.000000
127.697891, 26.169394, 25.052523, 0.000000, 0.000000, 0.000000, 0.000000, 0.000000, 0.000000, 910.000000
128.857941, 26.147575, 25.064777, 0.000000, 0.000000, 0.000000, 0.000000, 0.000000, 0.000000, 920.000000
130.013428, 26.126423, 25.076607, 0.000000, 0.000000, 0.000000, 0.000000, 0.000000, 0.000000, 930.000000
131.163483, 26.105915, 25.088026, 0.000000, 0.000000, 0.000000, 0.000000, 0.000000, 0.000000, 940.000000
132.307617, 26.086031, 25.099049, 0.000000, 0.000000, 0.000000, 0.000000, 0.000000, 0.000000, 950.000000
133.445724, 26.066751, 25.109686, 0.000000, 0.000000, 0.000000, 0.000000, 0.000000, 0.000000, 960.000000
134.577927, 26.048056, 25.119951, 0.000000, 0.000000, 0.000000, 0.000000, 0.000000, 0.000000, 970.000000
135.704529, 26.029926, 25.129858, 0.000000, 0.000000, 0.000000, 0.000000, 0.000000, 0.000000, 980.000000
136.825836, 26.012344, 25.139416, 0.000000, 0.000000, 0.000000, 0.000000, 0.000000, 0.000000, 990.000000
137.942215, 25.995293, 25.148636, 0.000000, 0.000000, 0.000000, 0.000000, 0.000000, 0.000000, 1000.000000
139.054062, 25.978754, 25.157530, 0.000000, 0.000000, 0.000000, 0.000000, 0.000000, 0.000000, 1010.000000
140.161789, 25.962711, 25.166109, 0.000000, 0.000000, 0.000000, 0.000000, 0.000000, 0.000000, 1020.000000
141.265854, 25.947151, 25.174383, 0.000000, 0.000000, 0.000000, 0.000000, 0.000000, 0.000000, 1030.000000
142.366638, 25.932056, 25.182362, 0.000000, 0.000000, 0.000000, 0.000000, 0.000000, 0.000000, 1040.000000
143.464523, 25.917412, 25.190054, 0.000000, 0.000000, 0.000000, 0.000000, 0.000000, 0.000000, 1050.000000
144.559830, 25.903204, 25.197470, 0.000000, 0.000000, 0.000000, 0.000000, 0.000000, 0.000000, 1060.000000
145.652725, 25.889418, 25.204617, 0.000000, 0.000000, 0.000000, 0.000000, 0.000000, 0.000000, 1070.000000
146.743378, 25.876041, 25.211504, 0.000000, 0.000000, 0.000000, 0.000000, 0.000000, 0.000000, 1080.000000
147.831894, 25.863060, 25.218142, 0.000000, 0.000000, 0.000000, 0.000000, 0.000000, 0.000000, 1090.000000
148.918411, 25.850462, 25.224537, 0.000000, 0.000000, 0.000000, 0.000000, 0.000000, 0.000000, 1100.000000
150.002853, 25.838236, 25.230698, 0.000000, 0.000000, 0.000000, 0.000000, 0.000000, 0.000000, 1110.000000
151.085342, 25.826368, 25.236629, 0.000000, 0.000000, 0.000000, 0.000000, 0.000000, 0.000000, 1120.000000
152.165741, 25.814848, 25.242342, 0.000000, 0.000000, 0.000000, 0.000000, 0.000000, 0.000000, 1130.000000
153.243912, 25.803665, 25.247843, 0.000000, 0.000000, 0.000000, 0.000000, 0.000000, 0.000000, 1140.000000
154.319580, 25.792807, 25.253138, 0.000000, 0.000000, 0.000000, 0.000000, 0.000000, 0.000000, 1150.000000
155.392563, 25.782265, 25.258232, 0.000000, 0.000000, 0.000000, 0.000000, 0.000000, 0.000000, 1160.000000
156.462677, 25.772028, 25.263134, 0.000000, 0.000000, 0.000000, 0.000000, 0.000000, 0.000000, 1170.000000
157.529831, 25.762087, 25.267851, 0.000000, 0.000000, 0.000000, 0.000000, 0.000000, 0.000000, 1180.000000
158.594101, 25.752432, 25.272387, 0.000000, 0.000000, 0.000000, 0.000000, 0.000000, 0.000000, 1190.000000
159.656097, 25.743055, 25.276747, 0.000000, 0.000000, 0.000000, 0.000000, 0.000000, 0.000000, 1200.000000
160.717514, 25.733946, 25.280939, 0.000000, 0.000000, 0.000000, 0.000000, 0.000000, 0.000000, 1210.000000
161.782074, 25.725096, 25.284967, 0.000000, 0.000000, 0.000000, 0.000000, 0.000000, 0.000000, 1220.000000
162.855423, 25.716497, 25.288837, 0.000000, 0.000000, 0.000000, 0.000000, 0.000000, 0.000000, 1230.000000
163.945465, 25.708143, 25.292555, 0.000000, 0.000000, 0.000000, 0.000000, 0.000000, 0.000000, 1240.000000
165.062073, 25.700026, 25.296125, 0.000000, 0.000000, 0.000000, 0.000000, 0.000000, 0.000000, 1250.000000
166.217361, 25.692135, 25.299551, 0.000000, 0.000000, 0.000000, 0.000000, 0.000000, 0.000000, 1260.000000
167.426331, 26.289152, 25.302839, 0.000000, 0.000000, 0.000000, 0.000000, 0.000000, 0.000000, 1270.000000
168.646881, 26.895674, 25.312731, 0.000000, 0.000000, 0.000000, 0.000000, 0.000000, 0.000000, 1280.000000
169.832779, 27.508957, 25.329235, 0.000000, 0.000000, 0.000000, 0.000000, 0.000000, 0.000000, 1290.000000
170.993469, 28.126768, 25.352327, 0.000000, 0.000000, 0.000000, 0.000000, 0.000000, 0.000000, 1300.000000
172.135895, 28.595274, 25.381964, 0.000000, 0.000000, 0.000000, 0.000000, 0.000000, 0.000000, 1310.000000
173.275101, 29.210041, 25.416382, 0.000000, 0.000000, 0.000000, 0.000000, 0.000000, 0.000000, 1320.000000
174.414856, 29.689867, 25.457142, 0.000000, 0.000000, 0.000000, 0.000000, 0.000000, 0.000000, 1330.000000
175.556427, 30.297972, 25.502645, 0.000000, 0.000000, 0.000000, 0.000000, 0.000000, 0.000000, 1340.000000
176.701767, 30.904814, 25.554253, 0.000000, 0.000000, 0.000000, 0.000000, 0.000000, 0.000000, 1350.000000
177.843430, 31.467896, 25.611860, 0.000000, 0.000000, 0.000000, 0.000000, 0.000000, 0.000000, 1360.000000
178.983505, 32.041687, 25.674891, 0.000000, 0.000000, 0.000000, 0.000000, 0.000000, 0.000000, 1370.000000
180.122955, 31.917316, 25.743383, 0.000000, 0.000000, 0.000000, 0.000000, 0.000000, 0.000000, 1380.000000
181.308929, 31.796713, 25.809479, 0.000000, 0.000000, 0.000000, 0.000000, 0.000000, 0.000000, 1390.000000
182.606445, 31.679756, 25.873255, 0.000000, 0.000000, 0.000000, 0.000000, 0.000000, 0.000000, 1400.000000
184.046951, 31.566330, 25.934786, 0.000000, 0.000000, 0.000000, 0.000000, 0.000000, 0.000000, 1410.000000
185.673721, 31.456322, 25.994144, 0.000000, 0.000000, 0.000000, 0.000000, 0.000000, 0.000000, 1420.000000
187.544708, 31.349623, 26.051399, 0.000000, 0.000000, 0.000000, 0.000000, 0.000000, 0.000000, 1430.000000
189.734711, 31.246126, 26.106621, 0.000000, 0.000000, 0.000000, 0.000000, 0.000000, 0.000000, 1440.000000
192.328415, 31.145729, 26.159874, 0.000000, 0.000000, 0.000000, 0.000000, 0.000000, 0.000000, 1450.000000
195.373642, 31.048334, 26.211222, 0.000000, 0.000000, 0.000000, 0.000000, 0.000000, 0.000000, 1460.000000
198.763977, 30.953844, 26.260725, 0.000000, 0.000000, 0.000000, 0.000000, 0.000000, 0.000000, 1470.000000
202.176453, 30.862167, 26.308445, 0.000000, 0.000000, 0.000000, 0.000000, 0.000000, 0.000000, 1480.000000
205.284332, 30.773214, 26.354439, 0.000000, 0.000000, 0.000000, 0.000000, 0.000000, 0.000000, 1490.000000
207.979050, 31.145370, 26.398762, 0.000000, 0.000000, 0.000000, 0.000000, 0.000000, 0.000000, 1500.000000
210.045380, 31.052649, 26.446577, 0.000000, 0.000000, 0.000000, 0.000000, 0.000000, 0.000000, 1510.000000
211.738876, 30.962671, 26.492653, 0.000000, 0.000000, 0.000000, 0.000000, 0.000000, 0.000000, 1520.000000
213.322723, 30.875353, 26.537046, 0.000000, 0.000000, 0.000000, 0.000000, 0.000000, 0.000000, 1530.000000
214.825150, 30.790607, 26.579811, 0.000000, 0.000000, 0.000000, 0.000000, 0.000000, 0.000000, 1540.000000
216.271042, 30.708353, 26.621000, 0.000000, 0.000000, 0.000000, 0.000000, 0.000000, 0.000000, 1550.000000
217.681198, 30.628510, 26.660664, 0.000000, 0.000000, 0.000000, 0.000000, 0.000000, 0.000000, 1560.000000
219.071991, 30.551001, 26.698853, 0.000000, 0.000000, 0.000000, 0.000000, 0.000000, 0.000000, 1570.000000
220.455246, 30.475752, 26.735613, 0.000000, 0.000000, 0.000000, 0.000000, 0.000000, 0.000000, 1580.000000
221.838837, 30.402691, 26.770992, 0.000000, 0.000000, 0.000000, 0.000000, 0.000000, 0.000000, 1590.000000
223.227539, 30.331749, 26.805035, 0.000000, 0.000000, 0.000000, 0.000000, 0.000000, 0.000000, 1600.000000
224.623672, 30.262857, 26.837784, 0.000000, 0.000000, 0.000000, 0.000000, 0.000000, 0.000000, 1610.000000
226.028870, 30.195951, 26.869282, 0.000000, 0.000000, 0.000000, 0.000000, 0.000000, 0.000000, 1620.000000
227.445892, 30.130968, 26.899570, 0.000000, 0.000000, 0.000000, 0.000000, 0.000000, 0.000000, 1630.000000
228.877853, 30.067844, 26.928686, 0.000000, 0.000000, 0.000000, 0.000000, 0.000000, 0.000000, 1640.000000
230.321960, 30.006523, 26.956669, 0.000000, 0.000000, 0.000000, 0.000000, 0.000000, 0.000000, 1650.000000
