Time(s), Twind(°C), TMotCase(°C), Flat_i(N), Flat_o(N), Flat_r(N), Frad_i(N), Frad_o(N), Frad_r(N)
0.000000, 25.000000, 25.000000, 0.000000, 0.000000, 0.000000, 0.000000, 0.000000, 0.000000, 0.000000
1.462963, 25.000000, 25.000000, 0.000000, 0.000000, 0.000000, 0.000000, 0.000000, 0.000000, 10.000000
2.954016, 25.000000, 25.000000, 0.000000, 0.000000, 0.000000, 0.000000, 0.000000, 0.000000, 20.000000
4.474018, 25.000000, 25.000000, 0.000000, 0.000000, 0.000000, 0.000000, 0.000000, 0.000000, 30.000000
6.023704, 25.000000, 25.000000, 0.000000, 0.000000, 0.000000, 0.000000, 0.000000, 0.000000, 40.000000
7.603871, 25.000000, 25.000000, 0.000000, 0.000000, 0.000000, 0.000000, 0.000000, 0.000000, 50.000000
9.215660, 25.000000, 25.000000, 0.000000, 0.000000, 0.000000, 0.000000, 0.000000, 0.000000, 60.000000
10.860814, 25.000000, 25.000000, 0.000000, 0.000000, 0.000000, 0.000000, 0.000000, 0.000000, 70.000000
12.541921, 25.000000, 25.000000, 0.000000, 0.000000, 0.000000, 0.000000, 0.000000, 0.000000, 80.000000
14.262458, 25.000000, 25.000000, 0.000000, 0.000000, 0.000000, 0.000000, 0.000000, 0.000000, 90.000000
16.025860, 25.000000, 25.000000, 0.000000, 0.000000, 0.000000, 0.000000, 0.000000, 0.000000, 100.000000
17.833321, 25.000000, 25.000000, 0.000000, 0.000000, 0.000000, 0.000000, 0.000000, 0.000000, 110.000000
19.681477, 25.000000, 25.000000, 0.000000, 0.000000, 0.000000, 0.000000, 0.000000, 0.000000, 120.000000
21.561354, 25.000000, 25.000000, 0.000000, 0.000000, 0.000000, 0.000000, 0.000000, 0.000000, 130.000000
23.458435, 25.000000, 25.000000, 0.000000, 0.000000, 0.000000, 0.000000, 0.000000, 0.000000, 140.000000
25.353582, 25.000000, 25.000000, 0.000000, 0.000000, 0.000000, 0.000000, 0.000000, 0.000000, 150.000000
27.226404, 25.000000, 25.000000, 0.000000, 0.000000, 0.000000, 0.000000, 0.000000, 0.000000, 160.000000
29.059381, 25.000000, 25.000000, 0.000000, 0.000000, 0.000000, 0.000000, 0.000000, 0.000000, 170.000000
30.839882, 25.000000, 25.000000, 0.000000, 0.000000, 0.000000, 0.000000, 0.000000, 0.000000, 180.000000
32.560402, 25.000000, 25.000000, 0.000000, 0.000000, 0.000000, 0.000000, 0.000000, 0.000000, 190.000000
34.210945, 25.000000, 25.000000, 0.000000, 0.000000, 0.000000, 0.000000, 0.000000, 0.000000, 200.000000
35.787361, 25.000000, 25.000000, 0.000000, 0.000000, 0.000000, 0.000000, 0.000000, 0.000000, 210.000000
37.295067, 25.000000, 25.000000, 0.000000, 0.000000, 0.000000, 0.000000, 0.000000, 0.000000, 220.000000
38.739590, 25.000000, 25.000000, 0.000000, 0.000000, 0.000000, 0.000000, 0.000000, 0.000000, 230.000000
40.126431, 25.000000, 25.000000, 0.000000, 0.000000, 0.000000, 0.000000, 0.000000, 0.000000, 240.000000
41.460991, 25.000000, 25.000000, 0.000000, 0.000000, 0.000000, 0.000000, 0.000000, 0.000000, 250.000000
42.748562, 25.000000, 25.000000, 0.000000, 0.000000, 0.000000, 0.000000, 0.000000, 0.000000, 260.000000
43.994190, 25.000000, 25.000000, 0.000000, 0.000000, 0.000000, 0.000000, 0.000000, 0.000000, 270.000000
45.202522, 25.000000, 25.000000, 0.000000, 0.000000, 0.000000, 0.000000, 0.000000, 0.000000, 280.000000
46.377785, 25.000000, 25.000000, 0.000000, 0.000000, 0.000000, 0.000000, 0.000000, 0.000000, 290.000000
47.523987, 25.000000, 25.000000, 0.000000, 0.000000, 0.000000, 0.000000, 0.000000, 0.000000, 300.000000
48.645149, 25.000000, 25.000000, 0.000000, 0.000000, 0.000000, 0.000000, 0.000000, 0.000000, 310.000000
49.745487, 25.000000, 25.000000, 0.000000, 0.000000, 0.000000, 0.000000, 0.000000, 0.000000, 320.000000
50.829372, 25.000000, 25.000000, 0.000000, 0.000000, 0.000000, 0.000000, 0.000000, 0.000000, 330.000000
51.901100, 25.000000, 25.000000, 0.000000, 0.000000, 0.000000, 0.000000, 0.000000, 0.000000, 340.000000
52.964619, 25.000000, 25.000000, 0.000000, 0.000000, 0.000000, 0.000000, 0.000000, 0.000000, 350.000000
54.023216, 25.000000, 25.000000, 0.000000, 0.000000, 0.000000, 0.000000, 0.000000, 0.000000, 360.000000
55.079292, 25.000000, 25.000000, 0.000000, 0.000000, 0.000000, 0.000000, 0.000000, 0.000000, 370.000000
56.134209, 25.000000, 25.000000, 0.000000, 0.000000, 0.000000, 0.000000, 0.000000, 0.000000, 380.000000
57.187904, 25.000000, 25.000000, 0.000000, 0.000000, 0.000000, 0.000000, 0.000000, 0.000000, 390.000000
58.240070, 25.000000, 25.000000, 0.000000, 0.000000, 0.000000, 0.000000, 0.000000, 0.000000, 400.000000
59.291168, 25.000000, 25.000000, 0.000000, 0.000000, 0.000000, 0.000000, 0.000000, 0.000000, 410.000000
60.341713, 25.000000, 25.000000, 0.000000, 0.000000, 0.000000, 0.000000, 0.000000, 0.000000, 420.000000
61.391922, 25.000000, 25.000000, 0.000000, 0.000000, 0.000000, 0.000000, 0.000000, 0.000000, 430.000000
62.442799, 25.000000, 25.000000, 0.000000, 0.000000, 0.000000, 0.000000, 0.000000, 0.000000, 440.000000
63.494732, 25.000000, 25.000000, 0.000000, 0.000000, 0.000000, 0.000000, 0.000000, 0.000000, 450.000000
64.547974, 25.000000, 25.000000, 0.000000, 0.000000, 0.000000, 0.000000, 0.000000, 0.000000, 460.000000
65.602776, 25.000000, 25.000000, 0.000000, 0.000000, 0.000000, 0.000000, 0.000000, 0.000000, 470.000000
66.659447, 25.000000, 25.000000, 0.000000, 0.000000, 0.000000, 0.000000, 0.000000, 0.000000, 480.000000
67.718391, 25.000000, 25.000000, 0.000000, 0.000000, 0.000000, 0.000000, 0.000000, 0.000000, 490.000000
68.780106, 25.000000, 25.000000, 0.000000, 0.000000, 0.000000, 0.000000, 0.000000, 0.000000, 500.000000
69.845139, 25.000000, 25.000000, 0.000000, 0.000000, 0.000000, 0.000000, 0.000000, 0.000000, 510.000000
70.914001, 25.000000, 25.000000, 0.000000, 0.000000, 0.000000, 0.000000, 0.000000, 0.000000, 520.000000
71.987244, 25.000000, 25.000000, 0.000000, 0.000000, 0.000000, 0.000000, 0.000000, 0.000000, 530.000000
73.065300, 25.000000, 25.000000, 0.000000, 0.000000, 0.000000, 0.000000, 0.000000, 0.000000, 540.000000
74.148499, 25.000000, 25.000000, 0.000000, 0.000000, 0.000000, 0.000000, 0.000000, 0.000000, 550.000000
75.237183, 25.000000, 25.000000, 0.000000, 0.000000, 0.000000, 0.000000, 0.000000, 0.000000, 560.000000
76.331764, 25.000000, 25.000000, 0.000000, 0.000000, 0.000000, 0.000000, 0.000000, 0.000000, 570.000000
77.433792, 25.000000, 25.000000, 0.000000, 0.000000, 0.000000, 0.000000, 0.000000, 0.000000, 580.000000
78.545448, 25.000000, 25.000000, 0.000000, 0.000000, 0.000000, 0.000000, 0.000000, 0.000000, 590.000000
79.669167, 25.000000, 25.000000, 0.000000, 0.000000, 0.000000, 0.000000, 0.000000, 0.000000, 600.000000
80.808769, 25.000000, 25.000000, 0.000000, 0.000000, 0.000000, 0.000000, 0.000000, 0.000000, 610.000000
81.969185, 25.000000, 25.000000, 0.000000, 0.000000, 0.000000, 0.000000, 0.000000, 0.000000, 620.000000
83.155579, 25.000000, 25.000000, 0.000000, 0.000000, 0.000000, 0.000000, 0.000000, 0.000000, 630.000000
84.372643, 25.000000, 25.000000, 0.000000, 0.000000, 0.000000, 0.000000, 0.000000, 0.000000, 640.000000
85.624176, 25.000000, 25.000000, 0.000000, 0.000000, 0.000000, 0.000000, 0.000000, 0.000000, 650.000000
86.912949, 25.000000, 25.000000, 0.000000, 0.000000, 0.000000, 0.000000, 0.000000, 0.000000, 660.000000
88.240723, 25.000000, 25.000000, 0.000000, 0.000000, 0.000000, 0.000000, 0.000000, 0.000000, 670.000000
89.608383, 25.000000, 25.000000, 0.000000, 0.000000, 0.000000, 0.000000, 0.000000, 0.000000, 680.000000
91.016136, 25.000000, 25.000000, 0.000000, 0.000000, 0.000000, 0.000000, 0.000000, 0.000000, 690.000000
92.463623, 25.000000, 25.000000, 0.000000, 0.000000, 0.000000, 0.000000, 0.000000, 0.000000, 700.000000
93.949501, 25.000000, 25.000000, 0.000000, 0.000000, 0.000000, 0.000000, 0.000000, 0.000000, 710.000000
95.470238, 25.000000, 25.000000, 0.000000, 0.000000, 0.000000, 0.000000, 0.000000, 0.000000, 720.000000
97.019257, 25.000000, 25.000000, 0.000000, 0.000000, 0.000000, 0.000000, 0.000000, 0.000000, 730.000000
98.587585, 25.000000, 25.000000, 0.000000, 0.000000, 0.000000, 0.000000, 0.000000, 0.000000, 740.000000
100.165825, 25.000000, 25.000000, 0.000000, 0.000000, 0.000000, 0.000000, 0.000000, 0.000000, 750.000000
101.746407, 25.000000, 25.000000, 0.000000, 0.000000, 0.000000, 0.000000, 0.000000, 0.000000, 760.000000
103.326836, 25.000000, 25.000000, 0.000000, 0.000000, 0.000000, 0.000000, 0.000000, 0.000000, 770.000000
104.908737, 25.000000, 25.000000, 0.000000, 0.000000, 0.000000, 0.000000, 0.000000, 0.000000, 780.000000
106.493210, 25.000000, 25.000000, 0.000000, 0.000000, 0.000000, 0.000000, 0.000000, 0.000000, 790.000000
108.079918, 25.000000, 25.000000, 0.000000, 0.000000, 0.000000, 0.000000, 0.000000, 0.000000, 800.000000
109.664124, 25.000000, 25.000000, 0.000000, 0.000000, 0.000000, 0.000000, 0.000000, 0.000000, 810.000000
111.243851, 25.000000, 25.000000, 0.000000, 0.000000, 0.000000, 0.000000, 0.000000, 0.000000, 820.000000
112.817604, 25.000000, 25.000000, 0.000000, 0.000000, 0.000000, 0.000000, 0.000000, 0.000000, 830.000000
114.385132, 25.000000, 25.000000, 0.000000, 0.000000, 0.000000, 0.000000, 0.000000, 0.000000, 840.000000
115.946266, 25.000000, 25.000000, 0.000000, 0.000000, 0.000000, 0.000000, 0.000000, 0.000000, 850.000000
117.500175, 25.000000, 25.000000, 0.000000, 0.000000, 0.000000, 0.000000, 0.000000, 0.000000, 860.000000
119.045135, 25.000000, 25.000000, 0.000000, 0.000000, 0.000000, 0.000000, 0.000000, 0.000000, 870.000000
120.578804, 25.000000, 25.000000, 0.000000, 0.000000, 0.000000, 0.000000, 0.000000, 0.000000, 880.000000
122.098816, 25.399960, 25.000000, 0.000000, 0.000000, 0.000000, 0.000000, 0.000000, 0.000000, 890.000000
123.529991, 25.840084, 25.004456, 0.000000, 0.000000, 0.000000, 0.000000, 0.000000, 0.000000, 900.000000
124.825226, 25.823761, 25.013750, 0.000000, 0.000000, 0.000000, 0.000000, 0.000000, 0.000000, 910.000000
126.059044, 25.807938, 25.022726, 0.000000, 0.000000, 0.000000, 0.000000, 0.000000, 0.000000, 920.000000
127.284599, 25.792599, 25.031393, 0.000000, 0.000000, 0.000000, 0.000000, 0.000000, 0.000000, 930.000000
128.502136, 25.777729, 25.039761, 0.000000, 0.000000, 0.000000, 0.000000, 0.000000, 0.000000, 940.000000
129.712067, 25.763313, 25.047838, 0.000000, 0.000000, 0.000000, 0.000000, 0.000000, 0.000000, 950.000000
130.915161, 25.749336, 25.055637, 0.000000, 0.000000, 0.000000, 0.000000, 0.000000, 0.000000, 960.000000
132.112320, 25.735785, 25.063166, 0.000000, 0.000000, 0.000000, 0.000000, 0.000000, 0.000000, 970.000000
133.304092, 25.722645, 25.070431, 0.000000, 0.000000, 0.000000, 0.000000, 0.000000, 0.000000, 980.000000
134.490997, 25.709904, 25.077442, 0.000000, 0.000000, 0.000000, 0.000000, 0.000000, 0.000000, 990.000000
135.673508, 25.697550, 25.084208, 0.000000, 0.000000, 0.000000, 0.000000, 0.000000, 0.000000, 1000.000000
136.851990, 25.685568, 25.090736, 0.000000, 0.000000, 0.000000, 0.000000, 0.000000, 0.000000, 1010.000000
138.026764, 25.673948, 25.097034, 0.000000, 0.000000, 0.000000, 0.000000, 0.000000, 0.000000, 1020.000000
139.198090, 25.662678, 25.103111, 0.000000, 0.000000, 0.000000, 0.000000, 0.000000, 0.000000, 1030.000000
140.366104, 25.651747, 25.108973, 0.000000, 0.000000, 0.000000, 0.000000, 0.000000, 0.000000, 1040.000000
141.530930, 25.641144, 25.114626, 0.000000, 0.000000, 0.000000, 0.000000, 0.000000, 0.000000, 1050.000000
142.692719, 25.630859, 25.120077, 0.000000, 0.000000, 0.000000, 0.000000, 0.000000, 0.000000, 1060.000000
143.851501, 25.620882, 25.125334, 0.000000, 0.000000, 0.000000, 0.000000, 0.000000, 0.000000, 1070.000000
145.007294, 25.611202, 25.130402, 0.000000, 0.000000, 0.000000, 0.000000, 0.000000, 0.000000, 1080.000000
146.159958, 25.601810, 25.135286, 0.000000, 0.000000, 0.000000, 0.000000, 0.000000, 0.000000, 1090.000000
147.309280, 25.592697, 25.139994, 0.000000, 0.000000, 0.000000, 0.000000, 0.000000, 0.000000, 1100.000000
148.455124, 25.583855, 25.144529, 0.000000, 0.000000, 0.000000, 0.000000, 0.000000, 0.000000, 1110.000000
149.597229, 25.575274, 25.148901, 0.000000, 0.000000, 0.000000, 0.000000, 0.000000, 0.000000, 1120.000000
150.735474, 25.566944, 25.153112, 0.000000, 0.000000, 0.000000, 0.000000, 0.000000, 0.000000, 1130.000000
151.869781, 25.558861, 25.157167, 0.000000, 0.000000, 0.000000, 0.000000, 0.000000, 0.000000, 1140.000000
153.002411, 25.551014, 25.161074, 0.000000, 0.000000, 0.000000, 0.000000, 0.000000, 0.000000, 1150.000000
154.138199, 25.543396, 25.164835, 0.000000, 0.000000, 0.000000, 0.000000, 0.000000, 0.000000, 1160.000000
155.283691, 25.536001, 25.168455, 0.000000, 0.000000, 0.000000, 0.000000, 0.000000, 0.000000, 1170.000000
156.447815, 25.528822, 25.171940, 0.000000, 0.000000, 0.000000, 0.000000, 0.000000, 0.000000, 1180.000000
157.641861, 25.521851, 25.175293, 0.000000, 0.000000, 0.000000, 0.000000, 0.000000, 0.000000, 1190.000000
158.879929, 25.515081, 25.178518, 0.000000, 0.000000, 0.000000, 0.000000, 0.000000, 0.000000, 1200.000000
160.180008, 25.508507, 25.181622, 0.000000, 0.000000, 0.000000, 0.000000, 0.000000, 0.000000, 1210.000000
161.566422, 25.502121, 25.184605, 0.000000, 0.000000, 0.000000, 0.000000, 0.000000, 0.000000, 1220.000000
163.074768, 25.495918, 25.187473, 0.000000, 0.000000, 0.000000, 0.000000, 0.000000, 0.000000, 1230.000000
164.763382, 25.489893, 25.190229, 0.000000, 0.000000, 0.000000, 0.000000, 0.000000, 0.000000, 1240.000000
166.744797, 25.932314, 25.192879, 0.000000, 0.000000, 0.000000, 0.000000, 0.000000, 0.000000, 1250.000000
168.886230, 26.381884, 25.200418, 0.000000, 0.000000, 0.000000, 0.000000, 0.000000, 0.000000, 1260.000000
170.943451, 26.835960, 25.212856, 0.000000, 0.000000, 0.000000, 0.000000, 0.000000, 0.000000, 1270.000000
172.941956, 27.292583, 25.230169, 0.000000, 0.000000, 0.000000, 0.000000, 0.000000, 0.000000, 1280.000000
174.898193, 27.750460, 25.252314, 0.000000, 0.000000, 0.000000, 0.000000, 0.000000, 0.000000, 1290.000000
176.821747, 28.208977, 25.279234, 0.000000, 0.000000, 0.000000, 0.000000, 0.000000, 0.000000, 1300.000000
178.716797, 28.668135, 25.310865, 0.000000, 0.000000, 0.000000, 0.000000, 0.000000, 0.000000, 1310.000000
180.583679, 29.128395, 25.347145, 0.000000, 0.000000, 0.000000, 0.000000, 0.000000, 0.000000, 1320.000000
182.420334, 29.590506, 25.388018, 0.000000, 0.000000, 0.000000, 0.000000, 0.000000, 0.000000, 1330.000000
184.212448, 30.059153, 25.433435, 0.000000, 0.000000, 0.000000, 0.000000, 0.000000, 0.000000, 1340.000000
185.938950, 30.538403, 25.483404, 0.000000, 0.000000, 0.000000, 0.000000, 0.000000, 0.000000, 1350.000000
187.582367, 31.033571, 25.537975, 0.000000, 0.000000, 0.000000, 0.000000, 0.000000, 0.000000, 1360.000000
189.127518, 30.926218, 25.597258, 0.000000, 0.000000, 0.000000, 0.000000, 0.000000, 0.000000, 1370.000000
190.673187, 30.822121, 25.654469, 0.000000, 0.000000, 0.000000, 0.000000, 0.000000, 0.000000, 1380.000000
192.314880, 30.721174, 25.709675, 0.000000, 0.000000, 0.000000, 0.000000, 0.000000, 0.000000, 1390.000000
194.024323, 30.623278, 25.762941, 0.000000, 0.000000, 0.000000, 0.000000, 0.000000, 0.000000, 1400.000000
195.758942, 30.528334, 25.814329, 0.000000, 0.000000, 0.000000, 0.000000, 0.000000, 0.000000, 1410.000000
197.471436, 30.436249, 25.863901, 0.000000, 0.000000, 0.000000, 0.000000, 0.000000, 0.000000, 1420.000000
199.123917, 30.346931, 25.911715, 0.000000, 0.000000, 0.000000, 0.000000, 0.000000, 0.000000, 1430.000000
200.696396, 30.260292, 25.957827, 0.000000, 0.000000, 0.000000, 0.000000, 0.000000, 0.000000, 1440.000000
202.186386, 30.176247, 26.002293, 0.000000, 0.000000, 0.000000, 0.000000, 0.000000, 0.000000, 1450.000000
203.602875, 30.094711, 26.045166, 0.000000, 0.000000, 0.000000, 0.000000, 0.000000, 0.000000, 1460.000000
204.960464, 30.015606, 26.086496, 0.000000, 0.000000, 0.000000, 0.000000, 0.000000, 0.000000, 1470.000000
206.275497, 29.938854, 26.126335, 0.000000, 0.000000, 0.000000, 0.000000, 0.000000, 0.000000, 1480.000000
207.563873, 29.864380, 26.164730, 0.000000, 0.000000, 0.000000, 0.000000, 0.000000, 0.000000, 1490.000000
208.839890, 29.792110, 26.201729, 0.000000, 0.000000, 0.000000, 0.000000, 0.000000, 0.000000, 1500.000000
210.122849, 29.721975, 26.237375, 0.000000, 0.000000, 0.000000, 0.000000, 0.000000, 0.000000, 1510.000000
211.425812, 29.653906, 26.271715, 0.000000, 0.000000, 0.000000, 0.000000, 0.000000, 0.000000, 1520.000000
212.749237, 29.587837, 26.304789, 0.000000, 0.000000, 0.000000, 0.000000, 0.000000, 0.000000, 1530.000000
214.093460, 29.523705, 26.336637, 0.000000, 0.000000, 0.000000, 0.000000, 0.000000, 0.000000, 1540.000000
215.458878, 29.461447, 26.367302, 0.000000, 0.000000, 0.000000, 0.000000, 0.000000, 0.000000, 1550.000000
216.846146, 29.401005, 26.396820, 0.000000, 0.000000, 0.000000, 0.000000, 0.000000, 0.000000, 1560.000000
218.256439, 29.342319, 26.425228, 0.000000, 0.000000, 0.000000, 0.000000, 0.000000, 0.000000, 1570.000000
