Time(s), Twind(°C), TMotCase(°C), Flat_i(N), Flat_o(N), Flat_r(N), Frad_i(N), Frad_o(N), Frad_r(N)
0.000000, 25.000000, 25.000000, 0.000000, 0.000000, 0.000000, 0.000000, 0.000000, 0.000000, 0.000000
1.604739, 25.000000, 25.000000, 0.000000, 0.000000, 0.000000, 0.000000, 0.000000, 0.000000, 10.000000
3.245472, 25.000000, 25.000000, 0.000000, 0.000000, 0.000000, 0.000000, 0.000000, 0.000000, 20.000000
4.923580, 25.000000, 25.000000, 0.000000, 0.000000, 0.000000, 0.000000, 0.000000, 0.000000, 30.000000
6.640272, 25.000000, 25.000000, 0.000000, 0.000000, 0.000000, 0.000000, 0.000000, 0.000000, 40.000000
8.396809, 25.000000, 25.000000, 0.000000, 0.000000, 0.000000, 0.000000, 0.000000, 0.000000, 50.000000
10.194802, 25.000000, 25.000000, 0.000000, 0.000000, 0.000000, 0.000000, 0.000000, 0.000000, 60.000000
12.036533, 25.000000, 25.000000, 0.000000, 0.000000, 0.000000, 0.000000, 0.000000, 0.000000, 70.000000
13.925222, 25.000000, 25.000000, 0.000000, 0.000000, 0.000000, 0.000000, 0.000000, 0.000000, 80.000000
15.865032, 25.000000, 25.000000, 0.000000, 0.000000, 0.000000, 0.000000, 0.000000, 0.000000, 90.000000
17.858919, 25.000000, 25.000000, 0.000000, 0.000000, 0.000000, 0.000000, 0.000000, 0.000000, 100.000000
19.904373, 25.000000, 25.000000, 0.000000, 0.000000, 0.000000, 0.000000, 0.000000, 0.000000, 110.000000
21.990431, 25.000000, 25.000000, 0.000000, 0.000000, 0.000000, 0.000000, 0.000000, 0.000000, 120.000000
24.097902, 25.000000, 25.000000, 0.000000, 0.000000, 0.000000, 0.000000, 0.000000, 0.000000, 130.000000
26.201128, 25.000000, 25.000000, 0.000000, 0.000000, 0.000000, 0.000000, 0.000000, 0.000000, 140.000000
28.272545, 25.000000, 25.000000, 0.000000, 0.000000, 0.000000, 0.000000, 0.000000, 0.000000, 150.000000
30.288929, 25.000000, 25.000000, 0.000000, 0.000000, 0.000000, 0.000000, 0.000000, 0.000000, 160.000000
32.234367, 25.000000, 25.000000, 0.000000, 0.000000, 0.000000, 0.000000, 0.000000, 0.000000, 170.000000
34.100479, 25.000000, 25.000000, 0.000000, 0.000000, 0.000000, 0.000000, 0.000000, 0.000000, 180.000000
35.885021, 25.000000, 25.000000, 0.000000, 0.000000, 0.000000, 0.000000, 0.000000, 0.000000, 190.000000
37.589798, 25.000000, 25.000000, 0.000000, 0.000000, 0.000000, 0.000000, 0.000000, 0.000000, 200.000000
39.218555, 25.000000, 25.000000, 0.000000, 0.000000, 0.000000, 0.000000, 0.000000, 0.000000, 210.000000
40.775730, 25.000000, 25.000000, 0.000000, 0.000000, 0.000000, 0.000000, 0.000000, 0.000000, 220.000000
42.266094, 25.000000, 25.000000, 0.000000, 0.000000, 0.000000, 0.000000, 0.000000, 0.000000, 230.000000
43.694691, 25.000000, 25.000000, 0.000000, 0.000000, 0.000000, 0.000000, 0.000000, 0.000000, 240.000000
45.066669, 25.000000, 25.000000, 0.000000, 0.000000, 0.000000, 0.000000, 0.000000, 0.000000, 250.000000
46.387218, 25.000000, 25.000000, 0.000000, 0.000000, 0.000000, 0.000000, 0.000000, 0.000000, 260.000000
47.661533, 25.000000, 25.000000, 0.000000, 0.000000, 0.000000, 0.000000, 0.000000, 0.000000, 270.000000
48.894669, 25.000000, 25.000000, 0.000000, 0.000000, 0.000000, 0.000000, 0.000000, 0.000000, 280.000000
50.091312, 25.000000, 25.000000, 0.000000, 0.000000, 0.000000, 0.000000, 0.000000, 0.000000, 290.000000
51.255806, 25.000000, 25.000000, 0.000000, 0.000000, 0.000000, 0.000000, 0.000000, 0.000000, 300.000000
52.392334, 25.000000, 25.000000, 0.000000, 0.000000, 0.000000, 0.000000, 0.000000, 0.000000, 310.000000
53.505112, 25.000000, 25.000000, 0.000000, 0.000000, 0.000000, 0.000000, 0.000000, 0.000000, 320.000000
54.598427, 25.000000, 25.000000, 0.000000, 0.000000, 0.000000, 0.000000, 0.000000, 0.000000, 330.000000
55.676495, 25.000000, 25.000000, 0.000000, 0.000000, 0.000000, 0.000000, 0.000000, 0.000000, 340.000000
56.743214, 25.000000, 25.000000, 0.000000, 0.000000, 0.000000, 0.000000, 0.000000, 0.000000, 350.000000
57.801891, 25.000000, 25.000000, 0.000000, 0.000000, 0.000000, 0.000000, 0.000000, 0.000000, 360.000000
58.855057, 25.000000, 25.000000, 0.000000, 0.000000, 0.000000, 0.000000, 0.000000, 0.000000, 370.000000
59.904324, 25.000000, 25.000000, 0.000000, 0.000000, 0.000000, 0.000000, 0.000000, 0.000000, 380.000000
60.950481, 25.000000, 25.000000, 0.000000, 0.000000, 0.000000, 0.000000, 0.000000, 0.000000, 390.000000
61.993755, 25.000000, 25.000000, 0.000000, 0.000000, 0.000000, 0.000000, 0.000000, 0.000000, 400.000000
63.034351, 25.000000, 25.000000, 0.000000, 0.000000, 0.000000, 0.000000, 0.000000, 0.000000, 410.000000
64.072655, 25.000000, 25.000000, 0.000000, 0.000000, 0.000000, 0.000000, 0.000000, 0.000000, 420.000000
65.109299, 25.000000, 25.000000, 0.000000, 0.000000, 0.000000, 0.000000, 0.000000, 0.000000, 430.000000
66.144966, 25.000000, 25.000000, 0.000000, 0.000000, 0.000000, 0.000000, 0.000000, 0.000000, 440.000000
67.180183, 25.000000, 25.000000, 0.000000, 0.000000, 0.000000, 0.000000, 0.000000, 0.000000, 450.000000
68.216087, 25.000000, 25.000000, 0.000000, 0.000000, 0.000000, 0.000000, 0.000000, 0.000000, 460.000000
69.252853, 25.000000, 25.000000, 0.000000, 0.000000, 0.000000, 0.000000, 0.000000, 0.000000, 470.000000
70.290901, 25.000000, 25.000000, 0.000000, 0.000000, 0.000000, 0.000000, 0.000000, 0.000000, 480.000000
71.330536, 25.000000, 25.000000, 0.000000, 0.000000, 0.000000, 0.000000, 0.000000, 0.000000, 490.000000
72.372078, 25.000000, 25.000000, 0.000000, 0.000000, 0.000000, 0.000000, 0.000000, 0.000000, 500.000000
73.415993, 25.000000, 25.000000, 0.000000, 0.000000, 0.000000, 0.000000, 0.000000, 0.000000, 510.000000
74.462814, 25.000000, 25.000000, 0.000000, 0.000000, 0.000000, 0.000000, 0.000000, 0.000000, 520.000000
75.513092, 25.000000, 25.000000, 0.000000, 0.000000, 0.000000, 0.000000, 0.000000, 0.000000, 530.000000
76.567413, 25.000000, 25.000000, 0.000000, 0.000000, 0.000000, 0.000000, 0.000000, 0.000000, 540.000000
77.626221, 25.000000, 25.000000, 0.000000, 0.000000, 0.000000, 0.000000, 0.000000, 0.000000, 550.000000
78.689934, 25.000000, 25.000000, 0.000000, 0.000000, 0.000000, 0.000000, 0.000000, 0.000000, 560.000000
79.758865, 25.000000, 25.000000, 0.000000, 0.000000, 0.000000, 0.000000, 0.000000, 0.000000, 570.000000
80.833435, 25.000000, 25.000000, 0.000000, 0.000000, 0.000000, 0.000000, 0.000000, 0.000000, 580.000000
81.914246, 25.000000, 25.000000, 0.000000, 0.000000, 0.000000, 0.000000, 0.000000, 0.000000, 590.000000
83.002075, 25.000000, 25.000000, 0.000000, 0.000000, 0.000000, 0.000000, 0.000000, 0.000000, 600.000000
84.097946, 25.000000, 25.000000, 0.000000, 0.000000, 0.000000, 0.000000, 0.000000, 0.000000, 610.000000
85.203262, 25.000000, 25.000000, 0.000000, 0.000000, 0.000000, 0.000000, 0.000000, 0.000000, 620.000000
86.320282, 25.000000, 25.000000, 0.000000, 0.000000, 0.000000, 0.000000, 0.000000, 0.000000, 630.000000
87.452499, 25.000000, 25.000000, 0.000000, 0.000000, 0.000000, 0.000000, 0.000000, 0.000000, 640.000000
88.604279, 25.000000, 25.000000, 0.000000, 0.000000, 0.000000, 0.000000, 0.000000, 0.000000, 650.000000
89.779961, 25.000000, 25.000000, 0.000000, 0.000000, 0.000000, 0.000000, 0.000000, 0.000000, 660.000000
90.983238, 25.000000, 25.000000, 0.000000, 0.000000, 0.000000, 0.000000, 0.000000, 0.000000, 670.000000
92.216850, 25.000000, 25.000000, 0.000000, 0.000000, 0.000000, 0.000000, 0.000000, 0.000000, 680.000000
93.482536, 25.000000, 25.000000, 0.000000, 0.000000, 0.000000, 0.000000, 0.000000, 0.000000, 690.000000
94.781166, 25.000000, 25.000000, 0.000000, 0.000000, 0.000000, 0.000000, 0.000000, 0.000000, 700.000000
96.112938, 25.000000, 25.000000, 0.000000, 0.000000, 0.000000, 0.000000, 0.000000, 0.000000, 710.000000
97.477562, 25.000000, 25.000000, 0.000000, 0.000000, 0.000000, 0.000000, 0.000000, 0.000000, 720.000000
98.874283, 25.000000, 25.000000, 0.000000, 0.000000, 0.000000, 0.000000, 0.000000, 0.000000, 730.000000
100.300797, 25.000000, 25.000000, 0.000000, 0.000000, 0.000000, 0.000000, 0.000000, 0.000000, 740.000000
101.752075, 25.000000, 25.000000, 0.000000, 0.000000, 0.000000, 0.000000, 0.000000, 0.000000, 750.000000
103.220642, 25.000000, 25.000000, 0.000000, 0.000000, 0.000000, 0.000000, 0.000000, 0.000000, 760.000000
104.698280, 25.000000, 25.000000, 0.000000, 0.000000, 0.000000, 0.000000, 0.000000, 0.000000, 770.000000
106.178841, 25.000000, 25.000000, 0.000000, 0.000000, 0.000000, 0.000000, 0.000000, 0.000000, 780.000000
107.657715, 25.000000, 25.000000, 0.000000, 0.000000, 0.000000, 0.000000, 0.000000, 0.000000, 790.000000
109.134560, 25.000000, 25.000000, 0.000000, 0.000000, 0.000000, 0.000000, 0.000000, 0.000000, 800.000000
110.610855, 25.000000, 25.000000, 0.000000, 0.000000, 0.000000, 0.000000, 0.000000, 0.000000, 810.000000
112.088432, 25.000000, 25.000000, 0.000000, 0.000000, 0.000000, 0.000000, 0.000000, 0.000000, 820.000000
113.568298, 25.000000, 25.000000, 0.000000, 0.000000, 0.000000, 0.000000, 0.000000, 0.000000, 830.000000
115.050301, 25.000000, 25.000000, 0.000000, 0.000000, 0.000000, 0.000000, 0.000000, 0.000000, 840.000000
116.529694, 25.000000, 25.000000, 0.000000, 0.000000, 0.000000, 0.000000, 0.000000, 0.000000, 850.000000
118.005173, 25.509478, 25.000000, 0.000000, 0.000000, 0.000000, 0.000000, 0.000000, 0.000000, 860.000000
119.390709, 25.499525, 25.005676, 0.000000, 0.000000, 0.000000, 0.000000, 0.000000, 0.000000, 870.000000
120.697830, 25.489878, 25.011158, 0.000000, 0.000000, 0.000000, 0.000000, 0.000000, 0.000000, 880.000000
122.003212, 25.480526, 25.016451, 0.000000, 0.000000, 0.000000, 0.000000, 0.000000, 0.000000, 890.000000
123.305817, 25.471460, 25.021563, 0.000000, 0.000000, 0.000000, 0.000000, 0.000000, 0.000000, 900.000000
124.604050, 25.462671, 25.026497, 0.000000, 0.000000, 0.000000, 0.000000, 0.000000, 0.000000, 910.000000
125.896172, 25.454151, 25.031261, 0.000000, 0.000000, 0.000000, 0.000000, 0.000000, 0.000000, 920.000000
127.180580, 25.445890, 25.035860, 0.000000, 0.000000, 0.000000, 0.000000, 0.000000, 0.000000, 930.000000
128.456192, 25.437881, 25.040298, 0.000000, 0.000000, 0.000000, 0.000000, 0.000000, 0.000000, 940.000000
129.722488, 25.430115, 25.044582, 0.000000, 0.000000, 0.000000, 0.000000, 0.000000, 0.000000, 950.000000
130.979416, 25.422585, 25.048716, 0.000000, 0.000000, 0.000000, 0.000000, 0.000000, 0.000000, 960.000000
132.227249, 25.415281, 25.052704, 0.000000, 0.000000, 0.000000, 0.000000, 0.000000, 0.000000, 970.000000
133.466446, 25.408199, 25.056553, 0.000000, 0.000000, 0.000000, 0.000000, 0.000000, 0.000000, 980.000000
134.697495, 25.401331, 25.060266, 0.000000, 0.000000, 0.000000, 0.000000, 0.000000, 0.000000, 990.000000
135.920975, 25.394669, 25.063848, 0.000000, 0.000000, 0.000000, 0.000000, 0.000000, 0.000000, 1000.000000
137.137466, 25.388206, 25.067303, 0.000000, 0.000000, 0.000000, 0.000000, 0.000000, 0.000000, 1010.000000
138.347580, 25.381937, 25.070635, 0.000000, 0.000000, 0.000000, 0.000000, 0.000000, 0.000000, 1020.000000
139.551926, 25.375856, 25.073847, 0.000000, 0.000000, 0.000000, 0.000000, 0.000000, 0.000000, 1030.000000
140.751129, 25.369957, 25.076944, 0.000000, 0.000000, 0.000000, 0.000000, 0.000000, 0.000000, 1040.000000
141.945648, 25.364233, 25.079929, 0.000000, 0.000000, 0.000000, 0.000000, 0.000000, 0.000000, 1050.000000
143.135910, 25.358679, 25.082808, 0.000000, 0.000000, 0.000000, 0.000000, 0.000000, 0.000000, 1060.000000
144.322159, 25.353291, 25.085581, 0.000000, 0.000000, 0.000000, 0.000000, 0.000000, 0.000000, 1070.000000
145.504654, 25.348061, 25.088253, 0.000000, 0.000000, 0.000000, 0.000000, 0.000000, 0.000000, 1080.000000
146.683487, 25.342985, 25.090828, 0.000000, 0.000000, 0.000000, 0.000000, 0.000000, 0.000000, 1090.000000
147.858749, 25.338060, 25.093307, 0.000000, 0.000000, 0.000000, 0.000000, 0.000000, 0.000000, 1100.000000
149.030533, 25.333279, 25.095695, 0.000000, 0.000000, 0.000000, 0.000000, 0.000000, 0.000000, 1110.000000
150.198822, 25.328638, 25.097996, 0.000000, 0.000000, 0.000000, 0.000000, 0.000000, 0.000000, 1120.000000
151.363480, 25.324133, 25.100210, 0.000000, 0.000000, 0.000000, 0.000000, 0.000000, 0.000000, 1130.000000
152.524277, 25.319759, 25.102343, 0.000000, 0.000000, 0.000000, 0.000000, 0.000000, 0.000000, 1140.000000
153.680908, 25.315512, 25.104395, 0.000000, 0.000000, 0.000000, 0.000000, 0.000000, 0.000000, 1150.000000
154.833099, 25.311388, 25.106369, 0.000000, 0.000000, 0.000000, 0.000000, 0.000000, 0.000000, 1160.000000
155.980637, 25.307383, 25.108267, 0.000000, 0.000000, 0.000000, 0.000000, 0.000000, 0.000000, 1170.000000
157.123413, 25.303493, 25.110092, 0.000000, 0.000000, 0.000000, 0.000000, 0.000000, 0.000000, 1180.000000
158.261490, 25.299715, 25.111847, 0.000000, 0.000000, 0.000000, 0.000000, 0.000000, 0.000000, 1190.000000
159.395691, 25.296045, 25.113535, 0.000000, 0.000000, 0.000000, 0.000000, 0.000000, 0.000000, 1200.000000
160.527969, 25.292480, 25.115156, 0.000000, 0.000000, 0.000000, 0.000000, 0.000000, 0.000000, 1210.000000
161.663071, 25.289017, 25.116714, 0.000000, 0.000000, 0.000000, 0.000000, 0.000000, 0.000000, 1220.000000
162.807739, 25.285650, 25.118212, 0.000000, 0.000000, 0.000000, 0.000000, 0.000000, 0.000000, 1230.000000
163.971542, 25.282379, 25.119648, 0.000000, 0.000000, 0.000000, 0.000000, 0.000000, 0.000000, 1240.000000
165.166672, 25.279200, 25.121027, 0.000000, 0.000000, 0.000000, 0.000000, 0.000000, 0.000000, 1250.000000
166.408356, 25.276110, 25.122351, 0.000000, 0.000000, 0.000000, 0.000000, 0.000000, 0.000000, 1260.000000
167.716110, 25.865442, 25.123621, 0.000000, 0.000000, 0.000000, 0.000000, 0.000000, 0.000000, 1270.000000
169.032776, 26.469225, 25.131437, 0.000000, 0.000000, 0.000000, 0.000000, 0.000000, 0.000000, 1280.000000
170.296906, 27.084190, 25.145866, 0.000000, 0.000000, 0.000000, 0.000000, 0.000000, 0.000000, 1290.000000
171.521912, 27.525772, 25.166935, 0.000000, 0.000000, 0.000000, 0.000000, 0.000000, 0.000000, 1300.000000
172.733444, 28.081671, 25.192612, 0.000000, 0.000000, 0.000000, 0.000000, 0.000000, 0.000000, 1310.000000
173.942368, 28.431185, 25.224104, 0.000000, 0.000000, 0.000000, 0.000000, 0.000000, 0.000000, 1320.000000
175.162918, 29.037073, 25.259026, 0.000000, 0.000000, 0.000000, 0.000000, 0.000000, 0.000000, 1330.000000
176.393768, 29.645435, 25.300182, 0.000000, 0.000000, 0.000000, 0.000000, 0.000000, 0.000000, 1340.000000
177.610580, 30.090734, 25.347509, 0.000000, 0.000000, 0.000000, 0.000000, 0.000000, 0.000000, 1350.000000
178.827667, 30.694178, 25.399099, 0.000000, 0.000000, 0.000000, 0.000000, 0.000000, 0.000000, 1360.000000
180.044983, 31.137062, 25.456652, 0.000000, 0.000000, 0.000000, 0.000000, 0.000000, 0.000000, 1370.000000
181.260834, 31.737381, 25.518288, 0.000000, 0.000000, 0.000000, 0.000000, 0.000000, 0.000000, 1380.000000
182.473953, 31.615896, 25.585703, 0.000000, 0.000000, 0.000000, 0.000000, 0.000000, 0.000000, 1390.000000
183.734482, 31.498100, 25.650768, 0.000000, 0.000000, 0.000000, 0.000000, 0.000000, 0.000000, 1400.000000
185.125214, 31.383877, 25.713560, 0.000000, 0.000000, 0.000000, 0.000000, 0.000000, 0.000000, 1410.000000
186.681747, 31.273111, 25.774153, 0.000000, 0.000000, 0.000000, 0.000000, 0.000000, 0.000000, 1420.000000
188.448685, 31.165693, 25.832617, 0.000000, 0.000000, 0.000000, 0.000000, 0.000000, 0.000000, 1430.000000
190.477676, 31.061516, 25.889019, 0.000000, 0.000000, 0.000000, 0.000000, 0.000000, 0.000000, 1440.000000
192.816605, 30.960474, 25.943428, 0.000000, 0.000000, 0.000000, 0.000000, 0.000000, 0.000000, 1450.000000
195.473465, 30.862469, 25.995909, 0.000000, 0.000000, 0.000000, 0.000000, 0.000000, 0.000000, 1460.000000
198.354538, 30.767405, 26.046522, 0.000000, 0.000000, 0.000000, 0.000000, 0.000000, 0.000000, 1470.000000
201.252182, 30.675186, 26.095327, 0.000000, 0.000000, 0.000000, 0.000000, 0.000000, 0.000000, 1480.000000
203.957733, 30.585722, 26.142385, 0.000000, 0.000000, 0.000000, 0.000000, 0.000000, 0.000000, 1490.000000
206.378891, 30.498924, 26.187752, 0.000000, 0.000000, 0.000000, 0.000000, 0.000000, 0.000000, 1500.000000
208.529099, 30.414709, 26.231482, 0.000000, 0.000000, 0.000000, 0.000000, 0.000000, 0.000000, 1510.000000
210.461884, 30.332993, 26.273626, 0.000000, 0.000000, 0.000000, 0.000000, 0.000000, 0.000000, 1520.000000
212.232574, 30.253696, 26.314238, 0.000000, 0.000000, 0.000000, 0.000000, 0.000000, 0.000000, 1530.000000
213.887314, 30.176743, 26.353367, 0.000000, 0.000000, 0.000000, 0.000000, 0.000000, 0.000000, 1540.000000
215.462341, 30.102057, 26.391060, 0.000000, 0.000000, 0.000000, 0.000000, 0.000000, 0.000000, 1550.000000
216.985687, 30.029564, 26.427364, 0.000000, 0.000000, 0.000000, 0.000000, 0.000000, 0.000000, 1560.000000
218.478439, 29.959198, 26.462324, 0.000000, 0.000000, 0.000000, 0.000000, 0.000000, 0.000000, 1570.000000
219.955627, 29.890888, 26.495985, 0.000000, 0.000000, 0.000000, 0.000000, 0.000000, 0.000000, 1580.000000
221.427414, 29.824572, 26.528387, 0.000000, 0.000000, 0.000000, 0.000000, 0.000000, 0.000000, 1590.000000
222.900375, 29.760183, 26.559572, 0.000000, 0.000000, 0.000000, 0.000000, 0.000000, 0.000000, 1600.000000
224.378098, 29.697662, 26.589579, 0.000000, 0.000000, 0.000000, 0.000000, 0.000000, 0.000000, 1610.000000
225.863220, 29.636948, 26.618444, 0.000000, 0.000000, 0.000000, 0.000000, 0.000000, 0.000000, 1620.000000
227.359177, 29.577984, 26.646208, 0.000000, 0.000000, 0.000000, 0.000000, 0.000000, 0.000000, 1630.000000
228.869888, 29.520714, 26.672905, 0.000000, 0.000000, 0.000000, 0.000000, 0.000000, 0.000000, 1640.000000
230.393234, 29.465084, 26.698570, 0.000000, 0.000000, 0.000000, 0.000000, 0.000000, 0.000000, 1650.000000
