Time(s), Twind(°C), TMotCase(°C), Flat_i(N), Flat_o(N), Flat_r(N), Frad_i(N), Frad_o(N), Frad_r(N)
0.000000, 25.000000, 25.000000, 0.000000, 0.000000, 0.000000, 0.000000, 0.000000, 0.000000, 0.000000
1.507331, 25.000000, 25.000000, 0.000000, 0.000000, 0.000000, 0.000000, 0.000000, 0.000000, 10.000000
3.045065, 25.000000, 25.000000, 0.000000, 0.000000, 0.000000, 0.000000, 0.000000, 0.000000, 20.000000
4.614171, 25.000000, 25.000000, 0.000000, 0.000000, 0.000000, 0.000000, 0.000000, 0.000000, 30.000000
6.215455, 25.000000, 25.000000, 0.000000, 0.000000, 0.000000, 0.000000, 0.000000, 0.000000, 40.000000
7.849781, 25.000000, 25.000000, 0.000000, 0.000000, 0.000000, 0.000000, 0.000000, 0.000000, 50.000000
9.518330, 25.000000, 25.000000, 0.000000, 0.000000, 0.000000, 0.000000, 0.000000, 0.000000, 60.000000
11.222898, 25.000000, 25.000000, 0.000000, 0.000000, 0.000000, 0.000000, 0.000000, 0.000000, 70.000000
12.966116, 25.000000, 25.000000, 0.000000, 0.000000, 0.000000, 0.000000, 0.000000, 0.000000, 80.000000
14.751425, 25.000000, 25.000000, 0.000000, 0.000000, 0.000000, 0.000000, 0.000000, 0.000000, 90.000000
16.581333, 25.000000, 25.000000, 0.000000, 0.000000, 0.000000, 0.000000, 0.000000, 0.000000, 100.000000
18.454113, 25.000000, 25.000000, 0.000000, 0.000000, 0.000000, 0.000000, 0.000000, 0.000000, 110.000000
20.361624, 25.000000, 25.000000, 0.000000, 0.000000, 0.000000, 0.000000, 0.000000, 0.000000, 120.000000
22.289459, 25.000000, 25.000000, 0.000000, 0.000000, 0.000000, 0.000000, 0.000000, 0.000000, 130.000000
24.217861, 25.000000, 25.000000, 0.000000, 0.000000, 0.000000, 0.000000, 0.000000, 0.000000, 140.000000
26.124722, 25.000000, 25.000000, 0.000000, 0.000000, 0.000000, 0.000000, 0.000000, 0.000000, 150.000000
27.990698, 25.000000, 25.000000, 0.000000, 0.000000, 0.000000, 0.000000, 0.000000, 0.000000, 160.000000
29.801739, 25.000000, 25.000000, 0.000000, 0.000000, 0.000000, 0.000000, 0.000000, 0.000000, 170.000000
31.549553, 25.000000, 25.000000, 0.000000, 0.000000, 0.000000, 0.000000, 0.000000, 0.000000, 180.000000
33.230808, 25.000000, 25.000000, 0.000000, 0.000000, 0.000000, 0.000000, 0.000000, 0.000000, 190.000000
34.845669, 25.000000, 25.000000, 0.000000, 0.000000, 0.000000, 0.000000, 0.000000, 0.000000, 200.000000
36.396156, 25.000000, 25.000000, 0.000000, 0.000000, 0.000000, 0.000000, 0.000000, 0.000000, 210.000000
37.885113, 25.000000, 25.000000, 0.000000, 0.000000, 0.000000, 0.000000, 0.000000, 0.000000, 220.000000
39.315895, 25.000000, 25.000000, 0.000000, 0.000000, 0.000000, 0.000000, 0.000000, 0.000000, 230.000000
40.692276, 25.000000, 25.000000, 0.000000, 0.000000, 0.000000, 0.000000, 0.000000, 0.000000, 240.000000
42.018314, 25.000000, 25.000000, 0.000000, 0.000000, 0.000000, 0.000000, 0.000000, 0.000000, 250.000000
43.298229, 25.000000, 25.000000, 0.000000, 0.000000, 0.000000, 0.000000, 0.000000, 0.000000, 260.000000
44.536377, 25.000000, 25.000000, 0.000000, 0.000000, 0.000000, 0.000000, 0.000000, 0.000000, 270.000000
45.737068, 25.000000, 25.000000, 0.000000, 0.000000, 0.000000, 0.000000, 0.000000, 0.000000, 280.000000
46.904373, 25.000000, 25.000000, 0.000000, 0.000000, 0.000000, 0.000000, 0.000000, 0.000000, 290.000000
48.042091, 25.000000, 25.000000, 0.000000, 0.000000, 0.000000, 0.000000, 0.000000, 0.000000, 300.000000
49.153988, 25.000000, 25.000000, 0.000000, 0.000000, 0.000000, 0.000000, 0.000000, 0.000000, 310.000000
50.243927, 25.000000, 25.000000, 0.000000, 0.000000, 0.000000, 0.000000, 0.000000, 0.000000, 320.000000
51.315933, 25.000000, 25.000000, 0.000000, 0.000000, 0.000000, 0.000000, 0.000000, 0.000000, 330.000000
52.374004, 25.000000, 25.000000, 0.000000, 0.000000, 0.000000, 0.000000, 0.000000, 0.000000, 340.000000
53.421856, 25.000000, 25.000000, 0.000000, 0.000000, 0.000000, 0.000000, 0.000000, 0.000000, 350.000000
54.462677, 25.000000, 25.000000, 0.000000, 0.000000, 0.000000, 0.000000, 0.000000, 0.000000, 360.000000
55.498859, 25.000000, 25.000000, 0.000000, 0.000000, 0.000000, 0.000000, 0.000000, 0.000000, 370.000000
56.531921, 25.000000, 25.000000, 0.000000, 0.000000, 0.000000, 0.000000, 0.000000, 0.000000, 380.000000
57.562531, 25.000000, 25.000000, 0.000000, 0.000000, 0.000000, 0.000000, 0.000000, 0.000000, 390.000000
58.590805, 25.000000, 25.000000, 0.000000, 0.000000, 0.000000, 0.000000, 0.000000, 0.000000, 400.000000
59.616852, 25.000000, 25.000000, 0.000000, 0.000000, 0.000000, 0.000000, 0.000000, 0.000000, 410.000000
60.640987, 25.000000, 25.000000, 0.000000, 0.000000, 0.000000, 0.000000, 0.000000, 0.000000, 420.000000
61.663742, 25.000000, 25.000000, 0.000000, 0.000000, 0.000000, 0.000000, 0.000000, 0.000000, 430.000000
62.685818, 25.000000, 25.000000, 0.000000, 0.000000, 0.000000, 0.000000, 0.000000, 0.000000, 440.000000
63.707706, 25.000000, 25.000000, 0.000000, 0.000000, 0.000000, 0.000000, 0.000000, 0.000000, 450.000000
64.730270, 25.000000, 25.000000, 0.000000, 0.000000, 0.000000, 0.000000, 0.000000, 0.000000, 460.000000
65.753799, 25.000000, 25.000000, 0.000000, 0.000000, 0.000000, 0.000000, 0.000000, 0.000000, 470.000000
66.778687, 25.000000, 25.000000, 0.000000, 0.000000, 0.000000, 0.000000, 0.000000, 0.000000, 480.000000
67.805229, 25.000000, 25.000000, 0.000000, 0.000000, 0.000000, 0.000000, 0.000000, 0.000000, 490.000000
68.833725, 25.000000, 25.000000, 0.000000, 0.000000, 0.000000, 0.000000, 0.000000, 0.000000, 500.000000
69.864632, 25.000000, 25.000000, 0.000000, 0.000000, 0.000000, 0.000000, 0.000000, 0.000000, 510.000000
70.898445, 25.000000, 25.000000, 0.000000, 0.000000, 0.000000, 0.000000, 0.000000, 0.000000, 520.000000
71.935730, 25.000000, 25.000000, 0.000000, 0.000000, 0.000000, 0.000000, 0.000000, 0.000000, 530.000000
72.977013, 25.000000, 25.000000, 0.000000, 0.000000, 0.000000, 0.000000, 0.000000, 0.000000, 540.000000
74.022728, 25.000000, 25.000000, 0.000000, 0.000000, 0.000000, 0.000000, 0.000000, 0.000000, 550.000000
75.073280, 25.000000, 25.000000, 0.000000, 0.000000, 0.000000, 0.000000, 0.000000, 0.000000, 560.000000
76.128960, 25.000000, 25.000000, 0.000000, 0.000000, 0.000000, 0.000000, 0.000000, 0.000000, 570.000000
77.190178, 25.000000, 25.000000, 0.000000, 0.000000, 0.000000, 0.000000, 0.000000, 0.000000, 580.000000
78.257500, 25.000000, 25.000000, 0.000000, 0.000000, 0.000000, 0.000000, 0.000000, 0.000000, 590.000000
79.331711, 25.000000, 25.000000, 0.000000, 0.000000, 0.000000, 0.000000, 0.000000, 0.000000, 600.000000
80.413765, 25.000000, 25.000000, 0.000000, 0.000000, 0.000000, 0.000000, 0.000000, 0.000000, 610.000000
81.505020, 25.000000, 25.000000, 0.000000, 0.000000, 0.000000, 0.000000, 0.000000, 0.000000, 620.000000
82.607697, 25.000000, 25.000000, 0.000000, 0.000000, 0.000000, 0.000000, 0.000000, 0.000000, 630.000000
83.725227, 25.000000, 25.000000, 0.000000, 0.000000, 0.000000, 0.000000, 0.000000, 0.000000, 640.000000
84.861954, 25.000000, 25.000000, 0.000000, 0.000000, 0.000000, 0.000000, 0.000000, 0.000000, 650.000000
86.022179, 25.000000, 25.000000, 0.000000, 0.000000, 0.000000, 0.000000, 0.000000, 0.000000, 660.000000
87.209557, 25.000000, 25.000000, 0.000000, 0.000000, 0.000000, 0.000000, 0.000000, 0.000000, 670.000000
88.426842, 25.000000, 25.000000, 0.000000, 0.000000, 0.000000, 0.000000, 0.000000, 0.000000, 680.000000
89.675797, 25.000000, 25.000000, 0.000000, 0.000000, 0.000000, 0.000000, 0.000000, 0.000000, 690.000000
90.957336, 25.000000, 25.000000, 0.000000, 0.000000, 0.000000, 0.000000, 0.000000, 0.000000, 700.000000
92.271706, 25.000000, 25.000000, 0.000000, 0.000000, 0.000000, 0.000000, 0.000000, 0.000000, 710.000000
93.618660, 25.417864, 25.000000, 0.000000, 0.000000, 0.000000, 0.000000, 0.000000, 0.000000, 720.000000
94.946289, 25.409143, 25.004974, 0.000000, 0.000000, 0.000000, 0.000000, 0.000000, 0.000000, 730.000000
96.253662, 25.400709, 25.009766, 0.000000, 0.000000, 0.000000, 0.000000, 0.000000, 0.000000, 740.000000
97.585800, 25.392551, 25.014381, 0.000000, 0.000000, 0.000000, 0.000000, 0.000000, 0.000000, 750.000000
98.936134, 25.384661, 25.018827, 0.000000, 0.000000, 0.000000, 0.000000, 0.000000, 0.000000, 760.000000
100.297394, 25.377028, 25.023109, 0.000000, 0.000000, 0.000000, 0.000000, 0.000000, 0.000000, 770.000000
101.663750, 25.369642, 25.027233, 0.000000, 0.000000, 0.000000, 0.000000, 0.000000, 0.000000, 780.000000
103.032059, 25.362497, 25.031202, 0.000000, 0.000000, 0.000000, 0.000000, 0.000000, 0.000000, 790.000000
104.401993, 25.355583, 25.035025, 0.000000, 0.000000, 0.000000, 0.000000, 0.000000, 0.000000, 800.000000
105.774780, 25.348894, 25.038704, 0.000000, 0.000000, 0.000000, 0.000000, 0.000000, 0.000000, 810.000000
107.152245, 25.342421, 25.042246, 0.000000, 0.000000, 0.000000, 0.000000, 0.000000, 0.000000, 820.000000
108.535164, 25.336157, 25.045654, 0.000000, 0.000000, 0.000000, 0.000000, 0.000000, 0.000000, 830.000000
109.922256, 25.330095, 25.048935, 0.000000, 0.000000, 0.000000, 0.000000, 0.000000, 0.000000, 840.000000
111.310211, 25.324228, 25.052092, 0.000000, 0.000000, 0.000000, 0.000000, 0.000000, 0.000000, 850.000000
112.697678, 25.318550, 25.055128, 0.000000, 0.000000, 0.000000, 0.000000, 0.000000, 0.000000, 860.000000
114.082756, 25.313053, 25.058050, 0.000000, 0.000000, 0.000000, 0.000000, 0.000000, 0.000000, 870.000000
115.465187, 25.307732, 25.060860, 0.000000, 0.000000, 0.000000, 0.000000, 0.000000, 0.000000, 880.000000
116.844536, 25.302580, 25.063562, 0.000000, 0.000000, 0.000000, 0.000000, 0.000000, 0.000000, 890.000000
118.219711, 25.297592, 25.066160, 0.000000, 0.000000, 0.000000, 0.000000, 0.000000, 0.000000, 900.000000
119.588982, 25.292763, 25.068659, 0.000000, 0.000000, 0.000000, 0.000000, 0.000000, 0.000000, 910.000000
120.950356, 25.288086, 25.071060, 0.000000, 0.000000, 0.000000, 0.000000, 0.000000, 0.000000, 920.000000
122.302071, 25.283558, 25.073368, 0.000000, 0.000000, 0.000000, 0.000000, 0.000000, 0.000000, 930.000000
123.642929, 25.279171, 25.075586, 0.000000, 0.000000, 0.000000, 0.000000, 0.000000, 0.000000, 940.000000
124.972382, 25.274923, 25.077717, 0.000000, 0.000000, 0.000000, 0.000000, 0.000000, 0.000000, 950.000000
126.290436, 25.270807, 25.079763, 0.000000, 0.000000, 0.000000, 0.000000, 0.000000, 0.000000, 960.000000
127.597473, 25.266821, 25.081728, 0.000000, 0.000000, 0.000000, 0.000000, 0.000000, 0.000000, 970.000000
128.894058, 25.262959, 25.083614, 0.000000, 0.000000, 0.000000, 0.000000, 0.000000, 0.000000, 980.000000
130.180817, 25.259216, 25.085424, 0.000000, 0.000000, 0.000000, 0.000000, 0.000000, 0.000000, 990.000000
131.458435, 25.255590, 25.087162, 0.000000, 0.000000, 0.000000, 0.000000, 0.000000, 0.000000, 1000.000000
132.727631, 25.252075, 25.088829, 0.000000, 0.000000, 0.000000, 0.000000, 0.000000, 0.000000, 1010.000000
133.989136, 25.248669, 25.090427, 0.000000, 0.000000, 0.000000, 0.000000, 0.000000, 0.000000, 1020.000000
135.243683, 25.245367, 25.091961, 0.000000, 0.000000, 0.000000, 0.000000, 0.000000, 0.000000, 1030.000000
136.491943, 25.242167, 25.093431, 0.000000, 0.000000, 0.000000, 0.000000, 0.000000, 0.000000, 1040.000000
137.734512, 25.239063, 25.094839, 0.000000, 0.000000, 0.000000, 0.000000, 0.000000, 0.000000, 1050.000000
138.971863, 25.236053, 25.096188, 0.000000, 0.000000, 0.000000, 0.000000, 0.000000, 0.000000, 1060.000000
140.204315, 25.233135, 25.097479, 0.000000, 0.000000, 0.000000, 0.000000, 0.000000, 0.000000, 1070.000000
141.432114, 25.230305, 25.098717, 0.000000, 0.000000, 0.000000, 0.000000, 0.000000, 0.000000, 1080.000000
142.655411, 25.227558, 25.099901, 0.000000, 0.000000, 0.000000, 0.000000, 0.000000, 0.000000, 1090.000000
143.874329, 25.224894, 25.101034, 0.000000, 0.000000, 0.000000, 0.000000, 0.000000, 0.000000, 1100.000000
145.088898, 25.222309, 25.102118, 0.000000, 0.000000, 0.000000, 0.000000, 0.000000, 0.000000, 1110.000000
146.299118, 25.219801, 25.103153, 0.000000, 0.000000, 0.000000, 0.000000, 0.000000, 0.000000, 1120.000000
147.504868, 25.217367, 25.104141, 0.000000, 0.000000, 0.000000, 0.000000, 0.000000, 0.000000, 1130.000000
148.705887, 25.215004, 25.105085, 0.000000, 0.000000, 0.000000, 0.000000, 0.000000, 0.000000, 1140.000000
149.901810, 25.212709, 25.105988, 0.000000, 0.000000, 0.000000, 0.000000, 0.000000, 0.000000, 1150.000000
151.092346, 25.210482, 25.106848, 0.000000, 0.000000, 0.000000, 0.000000, 0.000000, 0.000000, 1160.000000
152.277222, 25.208319, 25.107668, 0.000000, 0.000000, 0.000000, 0.000000, 0.000000, 0.000000, 1170.000000
153.456375, 25.206219, 25.108448, 0.000000, 0.000000, 0.000000, 0.000000, 0.000000, 0.000000, 1180.000000
154.629929, 25.204178, 25.109192, 0.000000, 0.000000, 0.000000, 0.000000, 0.000000, 0.000000, 1190.000000
155.798691, 25.202196, 25.109900, 0.000000, 0.000000, 0.000000, 0.000000, 0.000000, 0.000000, 1200.000000
156.965088, 25.200270, 25.110573, 0.000000, 0.000000, 0.000000, 0.000000, 0.000000, 0.000000, 1210.000000
158.133896, 25.198399, 25.111212, 0.000000, 0.000000, 0.000000, 0.000000, 0.000000, 0.000000, 1220.000000
159.312637, 25.196579, 25.111818, 0.000000, 0.000000, 0.000000, 0.000000, 0.000000, 0.000000, 1230.000000
160.511826, 25.194811, 25.112394, 0.000000, 0.000000, 0.000000, 0.000000, 0.000000, 0.000000, 1240.000000
161.744843, 25.193090, 25.112940, 0.000000, 0.000000, 0.000000, 0.000000, 0.000000, 0.000000, 1250.000000
163.028625, 25.783491, 25.113457, 0.000000, 0.000000, 0.000000, 0.000000, 0.000000, 0.000000, 1260.000000
164.318283, 26.383776, 25.120993, 0.000000, 0.000000, 0.000000, 0.000000, 0.000000, 0.000000, 1270.000000
165.566238, 26.990568, 25.135555, 0.000000, 0.000000, 0.000000, 0.000000, 0.000000, 0.000000, 1280.000000
166.785263, 27.601109, 25.157110, 0.000000, 0.000000, 0.000000, 0.000000, 0.000000, 0.000000, 1290.000000
167.984680, 28.213123, 25.185593, 0.000000, 0.000000, 0.000000, 0.000000, 0.000000, 0.000000, 1300.000000
169.171555, 28.824738, 25.220909, 0.000000, 0.000000, 0.000000, 0.000000, 0.000000, 0.000000, 1310.000000
170.351349, 29.434423, 25.262949, 0.000000, 0.000000, 0.000000, 0.000000, 0.000000, 0.000000, 1320.000000
171.528366, 30.040956, 25.311583, 0.000000, 0.000000, 0.000000, 0.000000, 0.000000, 0.000000, 1330.000000
172.705795, 30.643459, 25.366669, 0.000000, 0.000000, 0.000000, 0.000000, 0.000000, 0.000000, 1340.000000
173.885773, 31.241491, 25.428057, 0.000000, 0.000000, 0.000000, 0.000000, 0.000000, 0.000000, 1350.000000
175.069321, 31.835035, 25.495594, 0.000000, 0.000000, 0.000000, 0.000000, 0.000000, 0.000000, 1360.000000
176.256409, 32.424412, 25.569130, 0.000000, 0.000000, 0.000000, 0.000000, 0.000000, 0.000000, 1370.000000
177.446243, 32.281361, 25.648521, 0.000000, 0.000000, 0.000000, 0.000000, 0.000000, 0.000000, 1380.000000
178.691803, 32.142948, 25.724958, 0.000000, 0.000000, 0.000000, 0.000000, 0.000000, 0.000000, 1390.000000
180.067886, 32.009022, 25.798542, 0.000000, 0.000000, 0.000000, 0.000000, 0.000000, 0.000000, 1400.000000
181.617401, 31.879425, 25.869370, 0.000000, 0.000000, 0.000000, 0.000000, 0.000000, 0.000000, 1410.000000
183.405182, 31.754009, 25.937538, 0.000000, 0.000000, 0.000000, 0.000000, 0.000000, 0.000000, 1420.000000
185.532166, 31.632633, 26.003138, 0.000000, 0.000000, 0.000000, 0.000000, 0.000000, 0.000000, 1430.000000
188.165604, 31.515160, 26.066257, 0.000000, 0.000000, 0.000000, 0.000000, 0.000000, 0.000000, 1440.000000
191.603058, 31.401455, 26.126984, 0.000000, 0.000000, 0.000000, 0.000000, 0.000000, 0.000000, 1450.000000
196.354477, 31.291389, 26.185398, 0.000000, 0.000000, 0.000000, 0.000000, 0.000000, 0.000000, 1460.000000
202.743530, 31.184839, 26.241581, 0.000000, 0.000000, 0.000000, 0.000000, 0.000000, 0.000000, 1470.000000
209.218155, 31.081686, 26.295609, 0.000000, 0.000000, 0.000000, 0.000000, 0.000000, 0.000000, 1480.000000
214.132034, 30.981813, 26.347557, 0.000000, 0.000000, 0.000000, 0.000000, 0.000000, 0.000000, 1490.000000
217.757324, 30.885109, 26.397497, 0.000000, 0.000000, 0.000000, 0.000000, 0.000000, 0.000000, 1500.000000
220.611069, 30.791464, 26.445498, 0.000000, 0.000000, 0.000000, 0.000000, 0.000000, 0.000000, 1510.000000
222.999191, 30.700775, 26.491627, 0.000000, 0.000000, 0.000000, 0.000000, 0.000000, 0.000000, 1520.000000
225.093277, 30.612940, 26.535948, 0.000000, 0.000000, 0.000000, 0.000000, 0.000000, 0.000000, 1530.000000
226.995789, 30.527863, 26.578526, 0.000000, 0.000000, 0.000000, 0.000000, 0.000000, 0.000000, 1540.000000
228.772324, 30.445450, 26.619419, 0.000000, 0.000000, 0.000000, 0.000000, 0.000000, 0.000000, 1550.000000
230.467316, 30.365610, 26.658686, 0.000000, 0.000000, 0.000000, 0.000000, 0.000000, 0.000000, 1560.000000
232.111633, 30.288256, 26.696383, 0.000000, 0.000000, 0.000000, 0.000000, 0.000000, 0.000000, 1570.000000
233.726532, 30.213303, 26.732563, 0.000000, 0.000000, 0.000000, 0.000000, 0.000000, 0.000000, 1580.000000
235.326401, 30.140669, 26.767281, 0.000000, 0.000000, 0.000000, 0.000000, 0.000000, 0.000000, 1590.000000
236.920853, 30.070274, 26.800587, 0.000000, 0.000000, 0.000000, 0.000000, 0.000000, 0.000000, 1600.000000
238.515701, 30.002045, 26.832529, 0.000000, 0.000000, 0.000000, 0.000000, 0.000000, 0.000000, 1610.000000
240.115280, 29.935905, 26.863155, 0.000000, 0.000000, 0.000000, 0.000000, 0.000000, 0.000000, 1620.000000
241.724152, 29.871784, 26.892511, 0.000000, 0.000000, 0.000000, 0.000000, 0.000000, 0.000000, 1630.000000
243.347427, 29.809614, 26.920641, 0.000000, 0.000000, 0.000000, 0.000000, 0.000000, 0.000000, 1640.000000
244.984116, 29.749329, 26.947588, 0.000000, 0.000000, 0.000000, 0.000000, 0.000000, 0.000000, 1650.000000
