Time(s), Twind(°C), TMotCase(°C), Flat_i(N), Flat_o(N), Flat_r(N), Frad_i(N), Frad_o(N), Frad_r(N)
0.000000, 37.912094, 34.995747, 0.000000, 0.000000, 0.000000, 0.000000, 0.000000, 0.000000, 0.000000
2.381539, 38.132389, 34.990116, 0.000000, 0.000000, 0.000000, 0.000000, 0.000000, 0.000000, 15.000000
4.841354, 38.040318, 34.988293, 0.000000, 0.000000, 0.000000, 0.000000, 0.000000, 0.000000, 30.000000
7.383425, 37.950890, 34.984970, 0.000000, 0.000000, 0.000000, 0.000000, 0.000000, 0.000000, 45.000000
10.013688, 37.863983, 34.980228, 0.000000, 0.000000, 0.000000, 0.000000, 0.000000, 0.000000, 60.000000
12.738612, 37.779484, 34.974136, 0.000000, 0.000000, 0.000000, 0.000000, 0.000000, 0.000000, 75.000000
15.566419, 37.697285, 34.966770, 0.000000, 0.000000, 0.000000, 0.000000, 0.000000, 0.000000, 90.000000
18.507420, 37.617275, 34.958191, 0.000000, 0.000000, 0.000000, 0.000000, 0.000000, 0.000000, 105.000000
21.566978, 37.539360, 34.948467, 0.000000, 0.000000, 0.000000, 0.000000, 0.000000, 0.000000, 120.000000
24.697931, 37.463444, 34.937656, 0.000000, 0.000000, 0.000000, 0.000000, 0.000000, 0.000000, 135.000000
27.834961, 37.625671, 34.925816, 0.000000, 0.000000, 0.000000, 0.000000, 0.000000, 0.000000, 150.000000
30.887121, 37.546562, 34.916946, 0.000000, 0.000000, 0.000000, 0.000000, 0.000000, 0.000000, 165.000000
33.786919, 37.469509, 34.906952, 0.000000, 0.000000, 0.000000, 0.000000, 0.000000, 0.000000, 180.000000
36.512707, 37.394421, 34.895893, 0.000000, 0.000000, 0.000000, 0.000000, 0.000000, 0.000000, 195.000000
39.058395, 37.621220, 34.883823, 0.000000, 0.000000, 0.000000, 0.000000, 0.000000, 0.000000, 210.000000
41.437214, 37.541012, 34.875813, 0.000000, 0.000000, 0.000000, 0.000000, 0.000000, 0.000000, 225.000000
43.663380, 37.462917, 34.866638, 0.000000, 0.000000, 0.000000, 0.000000, 0.000000, 0.000000, 240.000000
45.755104, 37.752869, 34.856361, 0.000000, 0.000000, 0.000000, 0.000000, 0.000000, 0.000000, 255.000000
47.724163, 37.667995, 34.851158, 0.000000, 0.000000, 0.000000, 0.000000, 0.000000, 0.000000, 270.000000
49.590256, 37.585457, 34.844650, 0.000000, 0.000000, 0.000000, 0.000000, 0.000000, 0.000000, 285.000000
51.372681, 37.505146, 34.836906, 0.000000, 0.000000, 0.000000, 0.000000, 0.000000, 0.000000, 300.000000
53.086815, 37.426964, 34.827995, 0.000000, 0.000000, 0.000000, 0.000000, 0.000000, 0.000000, 315.000000
54.745476, 37.350811, 34.817974, 0.000000, 0.000000, 0.000000, 0.000000, 0.000000, 0.000000, 330.000000
56.363628, 37.276596, 34.806900, 0.000000, 0.000000, 0.000000, 0.000000, 0.000000, 0.000000, 345.000000
57.954208, 37.204231, 34.794830, 0.000000, 0.000000, 0.000000, 0.000000, 0.000000, 0.000000, 360.000000
59.527412, 37.133633, 34.781822, 0.000000, 0.000000, 0.000000, 0.000000, 0.000000, 0.000000, 375.000000
61.091301, 37.064720, 34.767921, 0.000000, 0.000000, 0.000000, 0.000000, 0.000000, 0.000000, 390.000000
62.647755, 36.997421, 34.753178, 0.000000, 0.000000, 0.000000, 0.000000, 0.000000, 0.000000, 405.000000
64.198051, 36.931664, 34.737633, 0.000000, 0.000000, 0.000000, 0.000000, 0.000000, 0.000000, 420.000000
65.743805, 36.867374, 34.721333, 0.000000, 0.000000, 0.000000, 0.000000, 0.000000, 0.000000, 435.000000
67.286888, 36.804493, 34.704319, 0.000000, 0.000000, 0.000000, 0.000000, 0.000000, 0.000000, 450.000000
68.829422, 36.742954, 34.686634, 0.000000, 0.000000, 0.000000, 0.000000, 0.000000, 0.000000, 465.000000
70.373543, 36.682701, 34.668312, 0.000000, 0.000000, 0.000000, 0.000000, 0.000000, 0.000000, 480.000000
71.920357, 36.623676, 34.649387, 0.000000, 0.000000, 0.000000, 0.000000, 0.000000, 0.000000, 495.000000
73.470917, 36.565826, 34.629898, 0.000000, 0.000000, 0.000000, 0.000000, 0.000000, 0.000000, 510.000000
75.026848, 36.509102, 34.609871, 0.000000, 0.000000, 0.000000, 0.000000, 0.000000, 0.000000, 525.000000
76.589897, 36.453453, 34.589340, 0.000000, 0.000000, 0.000000, 0.000000, 0.000000, 0.000000, 540.000000
78.161736, 36.398830, 34.568333, 0.000000, 0.000000, 0.000000, 0.000000, 0.000000, 0.000000, 555.000000
79.743927, 36.345196, 34.546879, 0.000000, 0.000000, 0.000000, 0.000000, 0.000000, 0.000000, 570.000000
81.337715, 36.292503, 34.525005, 0.000000, 0.000000, 0.000000, 0.000000, 0.000000, 0.000000, 585.000000
82.944603, 36.240711, 34.502735, 0.000000, 0.000000, 0.000000, 0.000000, 0.000000, 0.000000, 600.000000
84.567513, 36.189785, 34.480091, 0.000000, 0.000000, 0.000000, 0.000000, 0.000000, 0.000000, 615.000000
86.210014, 36.139687, 34.457100, 0.000000, 0.000000, 0.000000, 0.000000, 0.000000, 0.000000, 630.000000
87.881592, 36.090385, 34.433781, 0.000000, 0.000000, 0.000000, 0.000000, 0.000000, 0.000000, 645.000000
89.593880, 36.041843, 34.410152, 0.000000, 0.000000, 0.000000, 0.000000, 0.000000, 0.000000, 660.000000
91.359962, 35.994034, 34.386238, 0.000000, 0.000000, 0.000000, 0.000000, 0.000000, 0.000000, 675.000000
93.192581, 35.946922, 34.362053, 0.000000, 0.000000, 0.000000, 0.000000, 0.000000, 0.000000, 690.000000
95.096336, 35.900482, 34.337616, 0.000000, 0.000000, 0.000000, 0.000000, 0.000000, 0.000000, 705.000000
97.074455, 35.854687, 34.312946, 0.000000, 0.000000, 0.000000, 0.000000, 0.000000, 0.000000, 720.000000
99.125435, 35.809513, 34.288055, 0.000000, 0.000000, 0.000000, 0.000000, 0.000000, 0.000000, 735.000000
101.245239, 35.764931, 34.262962, 0.000000, 0.000000, 0.000000, 0.000000, 0.000000, 0.000000, 750.000000
103.413704, 35.720921, 34.237679, 0.000000, 0.000000, 0.000000, 0.000000, 0.000000, 0.000000, 765.000000
105.606941, 36.013191, 34.212219, 0.000000, 0.000000, 0.000000, 0.000000, 0.000000, 0.000000, 780.000000
107.807381, 36.297165, 34.192211, 0.000000, 0.000000, 0.000000, 0.000000, 0.000000, 0.000000, 795.000000
110.001892, 36.235485, 34.177391, 0.000000, 0.000000, 0.000000, 0.000000, 0.000000, 0.000000, 810.000000
112.195961, 36.175179, 34.161869, 0.000000, 0.000000, 0.000000, 0.000000, 0.000000, 0.000000, 825.000000
114.395340, 36.116184, 34.145683, 0.000000, 0.000000, 0.000000, 0.000000, 0.000000, 0.000000, 840.000000
116.594055, 37.339771, 34.128868, 0.000000, 0.000000, 0.000000, 0.000000, 0.000000, 0.000000, 855.000000
118.579849, 37.245686, 34.132877, 0.000000, 0.000000, 0.000000, 0.000000, 0.000000, 0.000000, 870.000000
120.392624, 37.154476, 34.135223, 0.000000, 0.000000, 0.000000, 0.000000, 0.000000, 0.000000, 885.000000
122.205215, 37.066010, 34.135994, 0.000000, 0.000000, 0.000000, 0.000000, 0.000000, 0.000000, 900.000000
124.013252, 36.980156, 34.135269, 0.000000, 0.000000, 0.000000, 0.000000, 0.000000, 0.000000, 915.000000
125.812454, 36.896797, 34.133125, 0.000000, 0.000000, 0.000000, 0.000000, 0.000000, 0.000000, 930.000000
127.598900, 36.815819, 34.129635, 0.000000, 0.000000, 0.000000, 0.000000, 0.000000, 0.000000, 945.000000
129.369583, 36.737110, 34.124870, 0.000000, 0.000000, 0.000000, 0.000000, 0.000000, 0.000000, 960.000000
131.124588, 36.660568, 34.118896, 0.000000, 0.000000, 0.000000, 0.000000, 0.000000, 0.000000, 975.000000
132.864380, 36.586094, 34.111774, 0.000000, 0.000000, 0.000000, 0.000000, 0.000000, 0.000000, 990.000000
134.590317, 36.513592, 34.103565, 0.000000, 0.000000, 0.000000, 0.000000, 0.000000, 0.000000, 1005.000000
136.303833, 36.442974, 34.094326, 0.000000, 0.000000, 0.000000, 0.000000, 0.000000, 0.000000, 1020.000000
138.006546, 36.374157, 34.084110, 0.000000, 0.000000, 0.000000, 0.000000, 0.000000, 0.000000, 1035.000000
139.700043, 36.307056, 34.072971, 0.000000, 0.000000, 0.000000, 0.000000, 0.000000, 0.000000, 1050.000000
141.385590, 36.241596, 34.060959, 0.000000, 0.000000, 0.000000, 0.000000, 0.000000, 0.000000, 1065.000000
143.064240, 36.177700, 34.048119, 0.000000, 0.000000, 0.000000, 0.000000, 0.000000, 0.000000, 1080.000000
144.736511, 36.115299, 34.034492, 0.000000, 0.000000, 0.000000, 0.000000, 0.000000, 0.000000, 1095.000000
146.402756, 36.054329, 34.020126, 0.000000, 0.000000, 0.000000, 0.000000, 0.000000, 0.000000, 1110.000000
148.063126, 35.994724, 34.005058, 0.000000, 0.000000, 0.000000, 0.000000, 0.000000, 0.000000, 1125.000000
149.717560, 35.936424, 33.989330, 0.000000, 0.000000, 0.000000, 0.000000, 0.000000, 0.000000, 1140.000000
151.365356, 35.879372, 33.972977, 0.000000, 0.000000, 0.000000, 0.000000, 0.000000, 0.000000, 1155.000000
153.005798, 35.823513, 33.956032, 0.000000, 0.000000, 0.000000, 0.000000, 0.000000, 0.000000, 1170.000000
154.638428, 35.768795, 33.938526, 0.000000, 0.000000, 0.000000, 0.000000, 0.000000, 0.000000, 1185.000000
156.263016, 35.715164, 33.920494, 0.000000, 0.000000, 0.000000, 0.000000, 0.000000, 0.000000, 1200.000000
157.884048, 35.662579, 33.901966, 0.000000, 0.000000, 0.000000, 0.000000, 0.000000, 0.000000, 1215.000000
159.508591, 35.610989, 33.882969, 0.000000, 0.000000, 0.000000, 0.000000, 0.000000, 0.000000, 1230.000000
161.160217, 35.560356, 33.863529, 0.000000, 0.000000, 0.000000, 0.000000, 0.000000, 0.000000, 1245.000000
162.868118, 35.510635, 33.843674, 0.000000, 0.000000, 0.000000, 0.000000, 0.000000, 0.000000, 1260.000000
164.675995, 35.461792, 33.823429, 0.000000, 0.000000, 0.000000, 0.000000, 0.000000, 0.000000, 1275.000000
166.647964, 36.699398, 33.802818, 0.000000, 0.000000, 0.000000, 0.000000, 0.000000, 0.000000, 1290.000000
168.656815, 37.957077, 33.803349, 0.000000, 0.000000, 0.000000, 0.000000, 0.000000, 0.000000, 1305.000000
170.556702, 39.125916, 33.824886, 0.000000, 0.000000, 0.000000, 0.000000, 0.000000, 0.000000, 1320.000000
172.389130, 39.769077, 33.865482, 0.000000, 0.000000, 0.000000, 0.000000, 0.000000, 0.000000, 1335.000000
174.226730, 40.713791, 33.915928, 0.000000, 0.000000, 0.000000, 0.000000, 0.000000, 0.000000, 1350.000000
174.226730, 41.839046, 33.981045, 0.000000, 0.000000, 0.000000, 0.000000, 0.000000, 0.000000, 1365.000000
176.076797, 42.929188, 34.063526, 0.000000, 0.000000, 0.000000, 0.000000, 0.000000, 0.000000, 1380.000000
177.898834, 42.669411, 34.162399, 0.000000, 0.000000, 0.000000, 0.000000, 0.000000, 0.000000, 1395.000000
179.839157, 42.420143, 34.254742, 0.000000, 0.000000, 0.000000, 0.000000, 0.000000, 0.000000, 1410.000000
182.112579, 42.180885, 34.340870, 0.000000, 0.000000, 0.000000, 0.000000, 0.000000, 0.000000, 1425.000000
184.895645, 41.951160, 34.421093, 0.000000, 0.000000, 0.000000, 0.000000, 0.000000, 0.000000, 1440.000000
188.385300, 41.730518, 34.495701, 0.000000, 0.000000, 0.000000, 0.000000, 0.000000, 0.000000, 1455.000000
192.808685, 41.518528, 34.564968, 0.000000, 0.000000, 0.000000, 0.000000, 0.000000, 0.000000, 1470.000000
197.738876, 41.314777, 34.629158, 0.000000, 0.000000, 0.000000, 0.000000, 0.000000, 0.000000, 1485.000000
202.212616, 41.118877, 34.688519, 0.000000, 0.000000, 0.000000, 0.000000, 0.000000, 0.000000, 1500.000000
205.936981, 40.930458, 34.743290, 0.000000, 0.000000, 0.000000, 0.000000, 0.000000, 0.000000, 1515.000000
209.000381, 40.749165, 34.793701, 0.000000, 0.000000, 0.000000, 0.000000, 0.000000, 0.000000, 1530.000000
211.683640, 40.574661, 34.839962, 0.000000, 0.000000, 0.000000, 0.000000, 0.000000, 0.000000, 1545.000000
214.132568, 40.406628, 34.882282, 0.000000, 0.000000, 0.000000, 0.000000, 0.000000, 0.000000, 1560.000000
216.457535, 40.244755, 34.920856, 0.000000, 0.000000, 0.000000, 0.000000, 0.000000, 0.000000, 1575.000000
218.729141, 40.088757, 34.955872, 0.000000, 0.000000, 0.000000, 0.000000, 0.000000, 0.000000, 1590.000000
220.981735, 39.938354, 34.987503, 0.000000, 0.000000, 0.000000, 0.000000, 0.000000, 0.000000, 1605.000000
223.240326, 39.793289, 35.015923, 0.000000, 0.000000, 0.000000, 0.000000, 0.000000, 0.000000, 1620.000000
225.516525, 39.653305, 35.041286, 0.000000, 0.000000, 0.000000, 0.000000, 0.000000, 0.000000, 1635.000000
227.822830, 39.518166, 35.063747, 0.000000, 0.000000, 0.000000, 0.000000, 0.000000, 0.000000, 1650.000000
