Time(s), Twind(°C), TMotCase(°C), Flat_i(N), Flat_o(N), Flat_r(N), Frad_i(N), Frad_o(N), Frad_r(N)
0.000000, 25.000000, 25.000000, 0.000000, 0.000000, 0.000000, 0.000000, 0.000000, 0.000000, 0.000000
1.554498, 25.000000, 25.000000, 0.000000, 0.000000, 0.000000, 0.000000, 0.000000, 0.000000, 10.000000
3.142037, 25.000000, 25.000000, 0.000000, 0.000000, 0.000000, 0.000000, 0.000000, 0.000000, 20.000000
4.763817, 25.000000, 25.000000, 0.000000, 0.000000, 0.000000, 0.000000, 0.000000, 0.000000, 30.000000
6.420907, 25.000000, 25.000000, 0.000000, 0.000000, 0.000000, 0.000000, 0.000000, 0.000000, 40.000000
8.114394, 25.000000, 25.000000, 0.000000, 0.000000, 0.000000, 0.000000, 0.000000, 0.000000, 50.000000
9.845649, 25.000000, 25.000000, 0.000000, 0.000000, 0.000000, 0.000000, 0.000000, 0.000000, 60.000000
11.616554, 25.000000, 25.000000, 0.000000, 0.000000, 0.000000, 0.000000, 0.000000, 0.000000, 70.000000
13.429748, 25.000000, 25.000000, 0.000000, 0.000000, 0.000000, 0.000000, 0.000000, 0.000000, 80.000000
15.288682, 25.000000, 25.000000, 0.000000, 0.000000, 0.000000, 0.000000, 0.000000, 0.000000, 90.000000
17.196648, 25.000000, 25.000000, 0.000000, 0.000000, 0.000000, 0.000000, 0.000000, 0.000000, 100.000000
19.154062, 25.000000, 25.000000, 0.000000, 0.000000, 0.000000, 0.000000, 0.000000, 0.000000, 110.000000
21.155640, 25.000000, 25.000000, 0.000000, 0.000000, 0.000000, 0.000000, 0.000000, 0.000000, 120.000000
23.189074, 25.000000, 25.000000, 0.000000, 0.000000, 0.000000, 0.000000, 0.000000, 0.000000, 130.000000
25.235701, 25.000000, 25.000000, 0.000000, 0.000000, 0.000000, 0.000000, 0.000000, 0.000000, 140.000000
27.272131, 25.000000, 25.000000, 0.000000, 0.000000, 0.000000, 0.000000, 0.000000, 0.000000, 150.000000
29.275017, 25.000000, 25.000000, 0.000000, 0.000000, 0.000000, 0.000000, 0.000000, 0.000000, 160.000000
31.225124, 25.000000, 25.000000, 0.000000, 0.000000, 0.000000, 0.000000, 0.000000, 0.000000, 170.000000
33.109402, 25.000000, 25.000000, 0.000000, 0.000000, 0.000000, 0.000000, 0.000000, 0.000000, 180.000000
34.920918, 25.000000, 25.000000, 0.000000, 0.000000, 0.000000, 0.000000, 0.000000, 0.000000, 190.000000
36.649940, 25.000000, 25.000000, 0.000000, 0.000000, 0.000000, 0.000000, 0.000000, 0.000000, 200.000000
38.293324, 25.000000, 25.000000, 0.000000, 0.000000, 0.000000, 0.000000, 0.000000, 0.000000, 210.000000
39.858360, 25.000000, 25.000000, 0.000000, 0.000000, 0.000000, 0.000000, 0.000000, 0.000000, 220.000000
41.352104, 25.000000, 25.000000, 0.000000, 0.000000, 0.000000, 0.000000, 0.000000, 0.000000, 230.000000
42.781315, 25.000000, 25.000000, 0.000000, 0.000000, 0.000000, 0.000000, 0.000000, 0.000000, 240.000000
44.152428, 25.000000, 25.000000, 0.000000, 0.000000, 0.000000, 0.000000, 0.000000, 0.000000, 250.000000
45.471611, 25.000000, 25.000000, 0.000000, 0.000000, 0.000000, 0.000000, 0.000000, 0.000000, 260.000000
46.744701, 25.000000, 25.000000, 0.000000, 0.000000, 0.000000, 0.000000, 0.000000, 0.000000, 270.000000
47.977055, 25.000000, 25.000000, 0.000000, 0.000000, 0.000000, 0.000000, 0.000000, 0.000000, 280.000000
49.173523, 25.000000, 25.000000, 0.000000, 0.000000, 0.000000, 0.000000, 0.000000, 0.000000, 290.000000
50.338589, 25.000000, 25.000000, 0.000000, 0.000000, 0.000000, 0.000000, 0.000000, 0.000000, 300.000000
51.476559, 25.000000, 25.000000, 0.000000, 0.000000, 0.000000, 0.000000, 0.000000, 0.000000, 310.000000
52.591686, 25.000000, 25.000000, 0.000000, 0.000000, 0.000000, 0.000000, 0.000000, 0.000000, 320.000000
53.688187, 25.000000, 25.000000, 0.000000, 0.000000, 0.000000, 0.000000, 0.000000, 0.000000, 330.000000
54.770088, 25.000000, 25.000000, 0.000000, 0.000000, 0.000000, 0.000000, 0.000000, 0.000000, 340.000000
55.841045, 25.000000, 25.000000, 0.000000, 0.000000, 0.000000, 0.000000, 0.000000, 0.000000, 350.000000
56.904129, 25.000000, 25.000000, 0.000000, 0.000000, 0.000000, 0.000000, 0.000000, 0.000000, 360.000000
57.961670, 25.000000, 25.000000, 0.000000, 0.000000, 0.000000, 0.000000, 0.000000, 0.000000, 370.000000
59.015179, 25.000000, 25.000000, 0.000000, 0.000000, 0.000000, 0.000000, 0.000000, 0.000000, 380.000000
60.065506, 25.000000, 25.000000, 0.000000, 0.000000, 0.000000, 0.000000, 0.000000, 0.000000, 390.000000
61.113293, 25.000000, 25.000000, 0.000000, 0.000000, 0.000000, 0.000000, 0.000000, 0.000000, 400.000000
62.159164, 25.000000, 25.000000, 0.000000, 0.000000, 0.000000, 0.000000, 0.000000, 0.000000, 410.000000
63.203823, 25.000000, 25.000000, 0.000000, 0.000000, 0.000000, 0.000000, 0.000000, 0.000000, 420.000000
64.247719, 25.000000, 25.000000, 0.000000, 0.000000, 0.000000, 0.000000, 0.000000, 0.000000, 430.000000
65.291931, 25.000000, 25.000000, 0.000000, 0.000000, 0.000000, 0.000000, 0.000000, 0.000000, 440.000000
66.336990, 25.000000, 25.000000, 0.000000, 0.000000, 0.000000, 0.000000, 0.000000, 0.000000, 450.000000
67.383156, 25.000000, 25.000000, 0.000000, 0.000000, 0.000000, 0.000000, 0.000000, 0.000000, 460.000000
68.430687, 25.000000, 25.000000, 0.000000, 0.000000, 0.000000, 0.000000, 0.000000, 0.000000, 470.000000
69.479950, 25.000000, 25.000000, 0.000000, 0.000000, 0.000000, 0.000000, 0.000000, 0.000000, 480.000000
70.531326, 25.000000, 25.000000, 0.000000, 0.000000, 0.000000, 0.000000, 0.000000, 0.000000, 490.000000
71.585274, 25.000000, 25.000000, 0.000000, 0.000000, 0.000000, 0.000000, 0.000000, 0.000000, 500.000000
72.642349, 25.000000, 25.000000, 0.000000, 0.000000, 0.000000, 0.000000, 0.000000, 0.000000, 510.000000
73.703087, 25.000000, 25.000000, 0.000000, 0.000000, 0.000000, 0.000000, 0.000000, 0.000000, 520.000000
74.768028, 25.000000, 25.000000, 0.000000, 0.000000, 0.000000, 0.000000, 0.000000, 0.000000, 530.000000
75.837585, 25.000000, 25.000000, 0.000000, 0.000000, 0.000000, 0.000000, 0.000000, 0.000000, 540.000000
76.912170, 25.000000, 25.000000, 0.000000, 0.000000, 0.000000, 0.000000, 0.000000, 0.000000, 550.000000
77.992081, 25.000000, 25.000000, 0.000000, 0.000000, 0.000000, 0.000000, 0.000000, 0.000000, 560.000000
79.077774, 25.000000, 25.000000, 0.000000, 0.000000, 0.000000, 0.000000, 0.000000, 0.000000, 570.000000
80.170746, 25.000000, 25.000000, 0.000000, 0.000000, 0.000000, 0.000000, 0.000000, 0.000000, 580.000000
81.273079, 25.000000, 25.000000, 0.000000, 0.000000, 0.000000, 0.000000, 0.000000, 0.000000, 590.000000
82.386856, 25.000000, 25.000000, 0.000000, 0.000000, 0.000000, 0.000000, 0.000000, 0.000000, 600.000000
83.515259, 25.000000, 25.000000, 0.000000, 0.000000, 0.000000, 0.000000, 0.000000, 0.000000, 610.000000
84.662338, 25.000000, 25.000000, 0.000000, 0.000000, 0.000000, 0.000000, 0.000000, 0.000000, 620.000000
85.832237, 25.000000, 25.000000, 0.000000, 0.000000, 0.000000, 0.000000, 0.000000, 0.000000, 630.000000
87.028671, 25.000000, 25.000000, 0.000000, 0.000000, 0.000000, 0.000000, 0.000000, 0.000000, 640.000000
88.254555, 25.000000, 25.000000, 0.000000, 0.000000, 0.000000, 0.000000, 0.000000, 0.000000, 650.000000
89.511948, 25.000000, 25.000000, 0.000000, 0.000000, 0.000000, 0.000000, 0.000000, 0.000000, 660.000000
90.802063, 25.000000, 25.000000, 0.000000, 0.000000, 0.000000, 0.000000, 0.000000, 0.000000, 670.000000
92.125427, 25.000000, 25.000000, 0.000000, 0.000000, 0.000000, 0.000000, 0.000000, 0.000000, 680.000000
93.482010, 25.000000, 25.000000, 0.000000, 0.000000, 0.000000, 0.000000, 0.000000, 0.000000, 690.000000
94.871346, 25.000000, 25.000000, 0.000000, 0.000000, 0.000000, 0.000000, 0.000000, 0.000000, 700.000000
96.292191, 25.000000, 25.000000, 0.000000, 0.000000, 0.000000, 0.000000, 0.000000, 0.000000, 710.000000
97.741516, 25.000000, 25.000000, 0.000000, 0.000000, 0.000000, 0.000000, 0.000000, 0.000000, 720.000000
99.213829, 25.000000, 25.000000, 0.000000, 0.000000, 0.000000, 0.000000, 0.000000, 0.000000, 730.000000
100.701698, 25.000000, 25.000000, 0.000000, 0.000000, 0.000000, 0.000000, 0.000000, 0.000000, 740.000000
102.197372, 25.000000, 25.000000, 0.000000, 0.000000, 0.000000, 0.000000, 0.000000, 0.000000, 750.000000
103.694664, 25.000000, 25.000000, 0.000000, 0.000000, 0.000000, 0.000000, 0.000000, 0.000000, 760.000000
105.191185, 25.000000, 25.000000, 0.000000, 0.000000, 0.000000, 0.000000, 0.000000, 0.000000, 770.000000
106.688545, 25.000000, 25.000000, 0.000000, 0.000000, 0.000000, 0.000000, 0.000000, 0.000000, 780.000000
108.187378, 25.403404, 25.000000, 0.000000, 0.000000, 0.000000, 0.000000, 0.000000, 0.000000, 790.000000
109.613617, 25.842918, 25.004496, 0.000000, 0.000000, 0.000000, 0.000000, 0.000000, 0.000000, 800.000000
110.915855, 25.826540, 25.013821, 0.000000, 0.000000, 0.000000, 0.000000, 0.000000, 0.000000, 810.000000
112.166229, 25.810663, 25.022825, 0.000000, 0.000000, 0.000000, 0.000000, 0.000000, 0.000000, 820.000000
113.417854, 25.795273, 25.031521, 0.000000, 0.000000, 0.000000, 0.000000, 0.000000, 0.000000, 830.000000
114.669785, 25.780354, 25.039917, 0.000000, 0.000000, 0.000000, 0.000000, 0.000000, 0.000000, 840.000000
115.921013, 25.765890, 25.048023, 0.000000, 0.000000, 0.000000, 0.000000, 0.000000, 0.000000, 850.000000
117.170906, 25.751867, 25.055847, 0.000000, 0.000000, 0.000000, 0.000000, 0.000000, 0.000000, 860.000000
118.418144, 25.738272, 25.063400, 0.000000, 0.000000, 0.000000, 0.000000, 0.000000, 0.000000, 870.000000
119.661316, 25.725088, 25.070690, 0.000000, 0.000000, 0.000000, 0.000000, 0.000000, 0.000000, 880.000000
120.898979, 25.712305, 25.077724, 0.000000, 0.000000, 0.000000, 0.000000, 0.000000, 0.000000, 890.000000
122.129913, 25.699909, 25.084513, 0.000000, 0.000000, 0.000000, 0.000000, 0.000000, 0.000000, 900.000000
123.353340, 25.687887, 25.091063, 0.000000, 0.000000, 0.000000, 0.000000, 0.000000, 0.000000, 910.000000
124.568893, 25.676229, 25.097382, 0.000000, 0.000000, 0.000000, 0.000000, 0.000000, 0.000000, 920.000000
125.776558, 25.664923, 25.103477, 0.000000, 0.000000, 0.000000, 0.000000, 0.000000, 0.000000, 930.000000
126.976540, 25.653955, 25.109358, 0.000000, 0.000000, 0.000000, 0.000000, 0.000000, 0.000000, 940.000000
128.169235, 25.643316, 25.115028, 0.000000, 0.000000, 0.000000, 0.000000, 0.000000, 0.000000, 950.000000
129.355423, 25.632996, 25.120497, 0.000000, 0.000000, 0.000000, 0.000000, 0.000000, 0.000000, 960.000000
130.535919, 25.622984, 25.125771, 0.000000, 0.000000, 0.000000, 0.000000, 0.000000, 0.000000, 970.000000
131.711258, 25.613272, 25.130854, 0.000000, 0.000000, 0.000000, 0.000000, 0.000000, 0.000000, 980.000000
132.881958, 25.603848, 25.135754, 0.000000, 0.000000, 0.000000, 0.000000, 0.000000, 0.000000, 990.000000
134.048462, 25.594704, 25.140476, 0.000000, 0.000000, 0.000000, 0.000000, 0.000000, 0.000000, 1000.000000
135.211182, 25.585831, 25.145027, 0.000000, 0.000000, 0.000000, 0.000000, 0.000000, 0.000000, 1010.000000
136.370361, 25.577219, 25.149412, 0.000000, 0.000000, 0.000000, 0.000000, 0.000000, 0.000000, 1020.000000
137.526184, 25.568863, 25.153637, 0.000000, 0.000000, 0.000000, 0.000000, 0.000000, 0.000000, 1030.000000
138.678772, 25.560751, 25.157707, 0.000000, 0.000000, 0.000000, 0.000000, 0.000000, 0.000000, 1040.000000
139.828262, 25.552877, 25.161627, 0.000000, 0.000000, 0.000000, 0.000000, 0.000000, 0.000000, 1050.000000
140.974762, 25.545235, 25.165400, 0.000000, 0.000000, 0.000000, 0.000000, 0.000000, 0.000000, 1060.000000
142.118240, 25.537815, 25.169031, 0.000000, 0.000000, 0.000000, 0.000000, 0.000000, 0.000000, 1070.000000
143.258652, 25.530611, 25.172527, 0.000000, 0.000000, 0.000000, 0.000000, 0.000000, 0.000000, 1080.000000
144.395874, 25.523617, 25.175892, 0.000000, 0.000000, 0.000000, 0.000000, 0.000000, 0.000000, 1090.000000
145.529694, 25.516825, 25.179129, 0.000000, 0.000000, 0.000000, 0.000000, 0.000000, 0.000000, 1100.000000
146.659866, 25.510227, 25.182241, 0.000000, 0.000000, 0.000000, 0.000000, 0.000000, 0.000000, 1110.000000
147.786133, 25.503820, 25.185236, 0.000000, 0.000000, 0.000000, 0.000000, 0.000000, 0.000000, 1120.000000
148.908310, 25.497597, 25.188114, 0.000000, 0.000000, 0.000000, 0.000000, 0.000000, 0.000000, 1130.000000
150.026382, 25.491550, 25.190880, 0.000000, 0.000000, 0.000000, 0.000000, 0.000000, 0.000000, 1140.000000
151.141144, 25.485678, 25.193539, 0.000000, 0.000000, 0.000000, 0.000000, 0.000000, 0.000000, 1150.000000
152.259720, 25.479971, 25.196093, 0.000000, 0.000000, 0.000000, 0.000000, 0.000000, 0.000000, 1160.000000
153.387115, 25.474426, 25.198545, 0.000000, 0.000000, 0.000000, 0.000000, 0.000000, 0.000000, 1170.000000
154.531815, 25.469038, 25.200899, 0.000000, 0.000000, 0.000000, 0.000000, 0.000000, 0.000000, 1180.000000
155.704514, 25.463800, 25.203157, 0.000000, 0.000000, 0.000000, 0.000000, 0.000000, 0.000000, 1190.000000
156.918457, 25.458710, 25.205324, 0.000000, 0.000000, 0.000000, 0.000000, 0.000000, 0.000000, 1200.000000
158.190399, 25.453760, 25.207403, 0.000000, 0.000000, 0.000000, 0.000000, 0.000000, 0.000000, 1210.000000
159.542618, 25.448948, 25.209396, 0.000000, 0.000000, 0.000000, 0.000000, 0.000000, 0.000000, 1220.000000
161.007095, 25.444269, 25.211306, 0.000000, 0.000000, 0.000000, 0.000000, 0.000000, 0.000000, 1230.000000
162.634796, 25.439718, 25.213135, 0.000000, 0.000000, 0.000000, 0.000000, 0.000000, 0.000000, 1240.000000
164.519653, 25.897305, 25.214886, 0.000000, 0.000000, 0.000000, 0.000000, 0.000000, 0.000000, 1250.000000
166.540314, 26.361755, 25.221710, 0.000000, 0.000000, 0.000000, 0.000000, 0.000000, 0.000000, 1260.000000
168.487122, 26.830593, 25.233608, 0.000000, 0.000000, 0.000000, 0.000000, 0.000000, 0.000000, 1270.000000
170.381561, 27.301971, 25.250555, 0.000000, 0.000000, 0.000000, 0.000000, 0.000000, 0.000000, 1280.000000
172.237640, 27.774672, 25.272503, 0.000000, 0.000000, 0.000000, 0.000000, 0.000000, 0.000000, 1290.000000
174.063614, 28.248123, 25.299395, 0.000000, 0.000000, 0.000000, 0.000000, 0.000000, 0.000000, 1300.000000
175.863144, 28.722336, 25.331163, 0.000000, 0.000000, 0.000000, 0.000000, 0.000000, 0.000000, 1310.000000
177.636551, 29.197758, 25.367748, 0.000000, 0.000000, 0.000000, 0.000000, 0.000000, 0.000000, 1320.000000
179.382156, 29.675117, 25.409090, 0.000000, 0.000000, 0.000000, 0.000000, 0.000000, 0.000000, 1330.000000
181.087677, 30.158901, 25.455139, 0.000000, 0.000000, 0.000000, 0.000000, 0.000000, 0.000000, 1340.000000
182.734818, 30.653036, 25.505899, 0.000000, 0.000000, 0.000000, 0.000000, 0.000000, 0.000000, 1350.000000
184.308060, 30.552490, 25.561415, 0.000000, 0.000000, 0.000000, 0.000000, 0.000000, 0.000000, 1360.000000
185.913834, 30.454992, 25.614990, 0.000000, 0.000000, 0.000000, 0.000000, 0.000000, 0.000000, 1370.000000
187.672150, 30.360447, 25.666689, 0.000000, 0.000000, 0.000000, 0.000000, 0.000000, 0.000000, 1380.000000
189.573181, 30.268757, 25.716570, 0.000000, 0.000000, 0.000000, 0.000000, 0.000000, 0.000000, 1390.000000
191.578583, 30.179832, 25.764692, 0.000000, 0.000000, 0.000000, 0.000000, 0.000000, 0.000000, 1400.000000
193.621872, 30.093586, 25.811113, 0.000000, 0.000000, 0.000000, 0.000000, 0.000000, 0.000000, 1410.000000
195.626572, 30.009932, 25.855888, 0.000000, 0.000000, 0.000000, 0.000000, 0.000000, 0.000000, 1420.000000
197.534470, 29.928785, 25.899071, 0.000000, 0.000000, 0.000000, 0.000000, 0.000000, 0.000000, 1430.000000
199.319809, 29.850067, 25.940710, 0.000000, 0.000000, 0.000000, 0.000000, 0.000000, 0.000000, 1440.000000
200.984375, 29.773701, 25.980858, 0.000000, 0.000000, 0.000000, 0.000000, 0.000000, 0.000000, 1450.000000
202.544662, 29.699610, 26.019562, 0.000000, 0.000000, 0.000000, 0.000000, 0.000000, 0.000000, 1460.000000
204.022110, 29.627722, 26.056868, 0.000000, 0.000000, 0.000000, 0.000000, 0.000000, 0.000000, 1470.000000
205.438110, 29.557968, 26.092823, 0.000000, 0.000000, 0.000000, 0.000000, 0.000000, 0.000000, 1480.000000
206.811935, 29.490278, 26.127470, 0.000000, 0.000000, 0.000000, 0.000000, 0.000000, 0.000000, 1490.000000
208.160049, 29.424587, 26.160851, 0.000000, 0.000000, 0.000000, 0.000000, 0.000000, 0.000000, 1500.000000
209.510223, 29.360832, 26.193007, 0.000000, 0.000000, 0.000000, 0.000000, 0.000000, 0.000000, 1510.000000
210.883224, 29.298950, 26.223976, 0.000000, 0.000000, 0.000000, 0.000000, 0.000000, 0.000000, 1520.000000
212.279633, 29.238882, 26.253799, 0.000000, 0.000000, 0.000000, 0.000000, 0.000000, 0.000000, 1530.000000
213.699921, 29.180571, 26.282513, 0.000000, 0.000000, 0.000000, 0.000000, 0.000000, 0.000000, 1540.000000
215.144547, 29.123959, 26.310152, 0.000000, 0.000000, 0.000000, 0.000000, 0.000000, 0.000000, 1550.000000
216.614182, 29.068993, 26.336754, 0.000000, 0.000000, 0.000000, 0.000000, 0.000000, 0.000000, 1560.000000
218.109909, 29.015621, 26.362350, 0.000000, 0.000000, 0.000000, 0.000000, 0.000000, 0.000000, 1570.000000
