Time(s), Twind(°C), TMotCase(°C), Flat_i(N), Flat_o(N), Flat_r(N), Frad_i(N), Frad_o(N), Frad_r(N)
0.000000, 25.000000, 25.000000, 0.000000, 0.000000, 0.000000, 0.000000, 0.000000, 0.000000, 0.000000
1.484809, 25.000000, 25.000000, 0.000000, 0.000000, 0.000000, 0.000000, 0.000000, 0.000000, 10.000000
2.998825, 25.000000, 25.000000, 0.000000, 0.000000, 0.000000, 0.000000, 0.000000, 0.000000, 20.000000
4.542933, 25.000000, 25.000000, 0.000000, 0.000000, 0.000000, 0.000000, 0.000000, 0.000000, 30.000000
6.117875, 25.000000, 25.000000, 0.000000, 0.000000, 0.000000, 0.000000, 0.000000, 0.000000, 40.000000
7.724433, 25.000000, 25.000000, 0.000000, 0.000000, 0.000000, 0.000000, 0.000000, 0.000000, 50.000000
9.363710, 25.000000, 25.000000, 0.000000, 0.000000, 0.000000, 0.000000, 0.000000, 0.000000, 60.000000
11.037412, 25.000000, 25.000000, 0.000000, 0.000000, 0.000000, 0.000000, 0.000000, 0.000000, 70.000000
12.748067, 25.000000, 25.000000, 0.000000, 0.000000, 0.000000, 0.000000, 0.000000, 0.000000, 80.000000
14.498985, 25.000000, 25.000000, 0.000000, 0.000000, 0.000000, 0.000000, 0.000000, 0.000000, 90.000000
16.292610, 25.000000, 25.000000, 0.000000, 0.000000, 0.000000, 0.000000, 0.000000, 0.000000, 100.000000
18.127380, 25.000000, 25.000000, 0.000000, 0.000000, 0.000000, 0.000000, 0.000000, 0.000000, 110.000000
19.995720, 25.000000, 25.000000, 0.000000, 0.000000, 0.000000, 0.000000, 0.000000, 0.000000, 120.000000
21.884190, 25.000000, 25.000000, 0.000000, 0.000000, 0.000000, 0.000000, 0.000000, 0.000000, 130.000000
23.774151, 25.000000, 25.000000, 0.000000, 0.000000, 0.000000, 0.000000, 0.000000, 0.000000, 140.000000
25.644581, 25.000000, 25.000000, 0.000000, 0.000000, 0.000000, 0.000000, 0.000000, 0.000000, 150.000000
27.476963, 25.000000, 25.000000, 0.000000, 0.000000, 0.000000, 0.000000, 0.000000, 0.000000, 160.000000
29.257677, 25.000000, 25.000000, 0.000000, 0.000000, 0.000000, 0.000000, 0.000000, 0.000000, 170.000000
30.978504, 25.000000, 25.000000, 0.000000, 0.000000, 0.000000, 0.000000, 0.000000, 0.000000, 180.000000
32.635948, 25.000000, 25.000000, 0.000000, 0.000000, 0.000000, 0.000000, 0.000000, 0.000000, 190.000000
34.229877, 25.000000, 25.000000, 0.000000, 0.000000, 0.000000, 0.000000, 0.000000, 0.000000, 200.000000
35.761978, 25.000000, 25.000000, 0.000000, 0.000000, 0.000000, 0.000000, 0.000000, 0.000000, 210.000000
37.234787, 25.000000, 25.000000, 0.000000, 0.000000, 0.000000, 0.000000, 0.000000, 0.000000, 220.000000
38.651356, 25.000000, 25.000000, 0.000000, 0.000000, 0.000000, 0.000000, 0.000000, 0.000000, 230.000000
40.015205, 25.000000, 25.000000, 0.000000, 0.000000, 0.000000, 0.000000, 0.000000, 0.000000, 240.000000
41.330151, 25.000000, 25.000000, 0.000000, 0.000000, 0.000000, 0.000000, 0.000000, 0.000000, 250.000000
42.600208, 25.000000, 25.000000, 0.000000, 0.000000, 0.000000, 0.000000, 0.000000, 0.000000, 260.000000
43.829544, 25.000000, 25.000000, 0.000000, 0.000000, 0.000000, 0.000000, 0.000000, 0.000000, 270.000000
45.022305, 25.000000, 25.000000, 0.000000, 0.000000, 0.000000, 0.000000, 0.000000, 0.000000, 280.000000
46.182404, 25.000000, 25.000000, 0.000000, 0.000000, 0.000000, 0.000000, 0.000000, 0.000000, 290.000000
47.313538, 25.000000, 25.000000, 0.000000, 0.000000, 0.000000, 0.000000, 0.000000, 0.000000, 300.000000
48.419353, 25.000000, 25.000000, 0.000000, 0.000000, 0.000000, 0.000000, 0.000000, 0.000000, 310.000000
49.503639, 25.000000, 25.000000, 0.000000, 0.000000, 0.000000, 0.000000, 0.000000, 0.000000, 320.000000
50.570366, 25.000000, 25.000000, 0.000000, 0.000000, 0.000000, 0.000000, 0.000000, 0.000000, 330.000000
51.623478, 25.000000, 25.000000, 0.000000, 0.000000, 0.000000, 0.000000, 0.000000, 0.000000, 340.000000
52.666653, 25.000000, 25.000000, 0.000000, 0.000000, 0.000000, 0.000000, 0.000000, 0.000000, 350.000000
53.703037, 25.000000, 25.000000, 0.000000, 0.000000, 0.000000, 0.000000, 0.000000, 0.000000, 360.000000
54.735031, 25.000000, 25.000000, 0.000000, 0.000000, 0.000000, 0.000000, 0.000000, 0.000000, 370.000000
55.764080, 25.000000, 25.000000, 0.000000, 0.000000, 0.000000, 0.000000, 0.000000, 0.000000, 380.000000
56.790806, 25.000000, 25.000000, 0.000000, 0.000000, 0.000000, 0.000000, 0.000000, 0.000000, 390.000000
57.815346, 25.000000, 25.000000, 0.000000, 0.000000, 0.000000, 0.000000, 0.000000, 0.000000, 400.000000
58.837799, 25.000000, 25.000000, 0.000000, 0.000000, 0.000000, 0.000000, 0.000000, 0.000000, 410.000000
59.858452, 25.000000, 25.000000, 0.000000, 0.000000, 0.000000, 0.000000, 0.000000, 0.000000, 420.000000
60.877724, 25.000000, 25.000000, 0.000000, 0.000000, 0.000000, 0.000000, 0.000000, 0.000000, 430.000000
61.896324, 25.000000, 25.000000, 0.000000, 0.000000, 0.000000, 0.000000, 0.000000, 0.000000, 440.000000
62.914932, 25.000000, 25.000000, 0.000000, 0.000000, 0.000000, 0.000000, 0.000000, 0.000000, 450.000000
63.934177, 25.000000, 25.000000, 0.000000, 0.000000, 0.000000, 0.000000, 0.000000, 0.000000, 460.000000
64.954445, 25.000000, 25.000000, 0.000000, 0.000000, 0.000000, 0.000000, 0.000000, 0.000000, 470.000000
65.976082, 25.000000, 25.000000, 0.000000, 0.000000, 0.000000, 0.000000, 0.000000, 0.000000, 480.000000
66.999367, 25.000000, 25.000000, 0.000000, 0.000000, 0.000000, 0.000000, 0.000000, 0.000000, 490.000000
68.024590, 25.000000, 25.000000, 0.000000, 0.000000, 0.000000, 0.000000, 0.000000, 0.000000, 500.000000
69.052238, 25.000000, 25.000000, 0.000000, 0.000000, 0.000000, 0.000000, 0.000000, 0.000000, 510.000000
70.082809, 25.000000, 25.000000, 0.000000, 0.000000, 0.000000, 0.000000, 0.000000, 0.000000, 520.000000
71.116844, 25.000000, 25.000000, 0.000000, 0.000000, 0.000000, 0.000000, 0.000000, 0.000000, 530.000000
72.154869, 25.000000, 25.000000, 0.000000, 0.000000, 0.000000, 0.000000, 0.000000, 0.000000, 540.000000
73.197311, 25.000000, 25.000000, 0.000000, 0.000000, 0.000000, 0.000000, 0.000000, 0.000000, 550.000000
74.244560, 25.000000, 25.000000, 0.000000, 0.000000, 0.000000, 0.000000, 0.000000, 0.000000, 560.000000
75.296928, 25.000000, 25.000000, 0.000000, 0.000000, 0.000000, 0.000000, 0.000000, 0.000000, 570.000000
76.354820, 25.000000, 25.000000, 0.000000, 0.000000, 0.000000, 0.000000, 0.000000, 0.000000, 580.000000
77.418777, 25.000000, 25.000000, 0.000000, 0.000000, 0.000000, 0.000000, 0.000000, 0.000000, 590.000000
78.489563, 25.000000, 25.000000, 0.000000, 0.000000, 0.000000, 0.000000, 0.000000, 0.000000, 600.000000
79.568153, 25.000000, 25.000000, 0.000000, 0.000000, 0.000000, 0.000000, 0.000000, 0.000000, 610.000000
80.655891, 25.000000, 25.000000, 0.000000, 0.000000, 0.000000, 0.000000, 0.000000, 0.000000, 620.000000
81.754974, 25.000000, 25.000000, 0.000000, 0.000000, 0.000000, 0.000000, 0.000000, 0.000000, 630.000000
82.868843, 25.000000, 25.000000, 0.000000, 0.000000, 0.000000, 0.000000, 0.000000, 0.000000, 640.000000
84.001808, 25.000000, 25.000000, 0.000000, 0.000000, 0.000000, 0.000000, 0.000000, 0.000000, 650.000000
85.158173, 25.000000, 25.000000, 0.000000, 0.000000, 0.000000, 0.000000, 0.000000, 0.000000, 660.000000
86.341591, 25.000000, 25.000000, 0.000000, 0.000000, 0.000000, 0.000000, 0.000000, 0.000000, 670.000000
87.554810, 25.000000, 25.000000, 0.000000, 0.000000, 0.000000, 0.000000, 0.000000, 0.000000, 680.000000
88.799599, 25.000000, 25.000000, 0.000000, 0.000000, 0.000000, 0.000000, 0.000000, 0.000000, 690.000000
90.076881, 25.461327, 25.000000, 0.000000, 0.000000, 0.000000, 0.000000, 0.000000, 0.000000, 700.000000
91.338333, 25.451700, 25.005491, 0.000000, 0.000000, 0.000000, 0.000000, 0.000000, 0.000000, 710.000000
92.584335, 25.442389, 25.010780, 0.000000, 0.000000, 0.000000, 0.000000, 0.000000, 0.000000, 720.000000
93.861191, 25.433382, 25.015877, 0.000000, 0.000000, 0.000000, 0.000000, 0.000000, 0.000000, 730.000000
95.167107, 25.424669, 25.020784, 0.000000, 0.000000, 0.000000, 0.000000, 0.000000, 0.000000, 740.000000
96.497787, 25.416241, 25.025511, 0.000000, 0.000000, 0.000000, 0.000000, 0.000000, 0.000000, 750.000000
97.846672, 25.408087, 25.030064, 0.000000, 0.000000, 0.000000, 0.000000, 0.000000, 0.000000, 760.000000
99.206497, 25.400198, 25.034447, 0.000000, 0.000000, 0.000000, 0.000000, 0.000000, 0.000000, 770.000000
100.571472, 25.392565, 25.038666, 0.000000, 0.000000, 0.000000, 0.000000, 0.000000, 0.000000, 780.000000
101.938477, 25.385180, 25.042728, 0.000000, 0.000000, 0.000000, 0.000000, 0.000000, 0.000000, 790.000000
103.307121, 25.378033, 25.046638, 0.000000, 0.000000, 0.000000, 0.000000, 0.000000, 0.000000, 800.000000
104.678604, 25.371117, 25.050402, 0.000000, 0.000000, 0.000000, 0.000000, 0.000000, 0.000000, 810.000000
106.054832, 25.364424, 25.054024, 0.000000, 0.000000, 0.000000, 0.000000, 0.000000, 0.000000, 820.000000
107.436546, 25.357946, 25.057508, 0.000000, 0.000000, 0.000000, 0.000000, 0.000000, 0.000000, 830.000000
108.822479, 25.351677, 25.060862, 0.000000, 0.000000, 0.000000, 0.000000, 0.000000, 0.000000, 840.000000
110.209335, 25.345608, 25.064087, 0.000000, 0.000000, 0.000000, 0.000000, 0.000000, 0.000000, 850.000000
111.595673, 25.339733, 25.067190, 0.000000, 0.000000, 0.000000, 0.000000, 0.000000, 0.000000, 860.000000
112.979691, 25.334045, 25.070173, 0.000000, 0.000000, 0.000000, 0.000000, 0.000000, 0.000000, 870.000000
114.361115, 25.328539, 25.073042, 0.000000, 0.000000, 0.000000, 0.000000, 0.000000, 0.000000, 880.000000
115.739426, 25.323208, 25.075800, 0.000000, 0.000000, 0.000000, 0.000000, 0.000000, 0.000000, 890.000000
117.113594, 25.318045, 25.078451, 0.000000, 0.000000, 0.000000, 0.000000, 0.000000, 0.000000, 900.000000
118.481888, 25.313046, 25.080999, 0.000000, 0.000000, 0.000000, 0.000000, 0.000000, 0.000000, 910.000000
119.842308, 25.308203, 25.083448, 0.000000, 0.000000, 0.000000, 0.000000, 0.000000, 0.000000, 920.000000
121.193100, 25.303513, 25.085800, 0.000000, 0.000000, 0.000000, 0.000000, 0.000000, 0.000000, 930.000000
122.533058, 25.298969, 25.088058, 0.000000, 0.000000, 0.000000, 0.000000, 0.000000, 0.000000, 940.000000
123.861641, 25.294569, 25.090227, 0.000000, 0.000000, 0.000000, 0.000000, 0.000000, 0.000000, 950.000000
125.178856, 25.290304, 25.092310, 0.000000, 0.000000, 0.000000, 0.000000, 0.000000, 0.000000, 960.000000
126.485085, 25.286173, 25.094309, 0.000000, 0.000000, 0.000000, 0.000000, 0.000000, 0.000000, 970.000000
127.780876, 25.282169, 25.096228, 0.000000, 0.000000, 0.000000, 0.000000, 0.000000, 0.000000, 980.000000
129.066879, 25.278290, 25.098068, 0.000000, 0.000000, 0.000000, 0.000000, 0.000000, 0.000000, 990.000000
130.343765, 25.274529, 25.099833, 0.000000, 0.000000, 0.000000, 0.000000, 0.000000, 0.000000, 1000.000000
131.612244, 25.270884, 25.101524, 0.000000, 0.000000, 0.000000, 0.000000, 0.000000, 0.000000, 1010.000000
132.873062, 25.267349, 25.103148, 0.000000, 0.000000, 0.000000, 0.000000, 0.000000, 0.000000, 1020.000000
134.126923, 25.263924, 25.104702, 0.000000, 0.000000, 0.000000, 0.000000, 0.000000, 0.000000, 1030.000000
135.374496, 25.260601, 25.106192, 0.000000, 0.000000, 0.000000, 0.000000, 0.000000, 0.000000, 1040.000000
136.616425, 25.257380, 25.107618, 0.000000, 0.000000, 0.000000, 0.000000, 0.000000, 0.000000, 1050.000000
137.853149, 25.254255, 25.108984, 0.000000, 0.000000, 0.000000, 0.000000, 0.000000, 0.000000, 1060.000000
139.085007, 25.251225, 25.110291, 0.000000, 0.000000, 0.000000, 0.000000, 0.000000, 0.000000, 1070.000000
140.312195, 25.248283, 25.111540, 0.000000, 0.000000, 0.000000, 0.000000, 0.000000, 0.000000, 1080.000000
141.534866, 25.245430, 25.112736, 0.000000, 0.000000, 0.000000, 0.000000, 0.000000, 0.000000, 1090.000000
142.753174, 25.242661, 25.113878, 0.000000, 0.000000, 0.000000, 0.000000, 0.000000, 0.000000, 1100.000000
143.967178, 25.239973, 25.114969, 0.000000, 0.000000, 0.000000, 0.000000, 0.000000, 0.000000, 1110.000000
145.176865, 25.237364, 25.116013, 0.000000, 0.000000, 0.000000, 0.000000, 0.000000, 0.000000, 1120.000000
146.382065, 25.234831, 25.117008, 0.000000, 0.000000, 0.000000, 0.000000, 0.000000, 0.000000, 1130.000000
147.582504, 25.232372, 25.117958, 0.000000, 0.000000, 0.000000, 0.000000, 0.000000, 0.000000, 1140.000000
148.777893, 25.229984, 25.118862, 0.000000, 0.000000, 0.000000, 0.000000, 0.000000, 0.000000, 1150.000000
149.967911, 25.227665, 25.119724, 0.000000, 0.000000, 0.000000, 0.000000, 0.000000, 0.000000, 1160.000000
151.152283, 25.225412, 25.120544, 0.000000, 0.000000, 0.000000, 0.000000, 0.000000, 0.000000, 1170.000000
152.330948, 25.223225, 25.121326, 0.000000, 0.000000, 0.000000, 0.000000, 0.000000, 0.000000, 1180.000000
153.503998, 25.221098, 25.122068, 0.000000, 0.000000, 0.000000, 0.000000, 0.000000, 0.000000, 1190.000000
154.672272, 25.219032, 25.122774, 0.000000, 0.000000, 0.000000, 0.000000, 0.000000, 0.000000, 1200.000000
155.838257, 25.217024, 25.123444, 0.000000, 0.000000, 0.000000, 0.000000, 0.000000, 0.000000, 1210.000000
157.006592, 25.215071, 25.124079, 0.000000, 0.000000, 0.000000, 0.000000, 0.000000, 0.000000, 1220.000000
158.184875, 25.213171, 25.124681, 0.000000, 0.000000, 0.000000, 0.000000, 0.000000, 0.000000, 1230.000000
159.383575, 25.211325, 25.125252, 0.000000, 0.000000, 0.000000, 0.000000, 0.000000, 0.000000, 1240.000000
160.616089, 25.209528, 25.125792, 0.000000, 0.000000, 0.000000, 0.000000, 0.000000, 0.000000, 1250.000000
161.899307, 25.207781, 25.126301, 0.000000, 0.000000, 0.000000, 0.000000, 0.000000, 0.000000, 1260.000000
163.255264, 25.206081, 25.126781, 0.000000, 0.000000, 0.000000, 0.000000, 0.000000, 0.000000, 1270.000000
164.714722, 25.728783, 25.127234, 0.000000, 0.000000, 0.000000, 0.000000, 0.000000, 0.000000, 1280.000000
166.216141, 26.259350, 25.133902, 0.000000, 0.000000, 0.000000, 0.000000, 0.000000, 0.000000, 1290.000000
167.681061, 26.794220, 25.146778, 0.000000, 0.000000, 0.000000, 0.000000, 0.000000, 0.000000, 1300.000000
169.122040, 27.330414, 25.165819, 0.000000, 0.000000, 0.000000, 0.000000, 0.000000, 0.000000, 1310.000000
170.548569, 27.865444, 25.190941, 0.000000, 0.000000, 0.000000, 0.000000, 0.000000, 0.000000, 1320.000000
171.967941, 28.397251, 25.222034, 0.000000, 0.000000, 0.000000, 0.000000, 0.000000, 0.000000, 1330.000000
173.385773, 28.924292, 25.258968, 0.000000, 0.000000, 0.000000, 0.000000, 0.000000, 0.000000, 1340.000000
174.805832, 29.445698, 25.301592, 0.000000, 0.000000, 0.000000, 0.000000, 0.000000, 0.000000, 1350.000000
176.229980, 29.961281, 25.349749, 0.000000, 0.000000, 0.000000, 0.000000, 0.000000, 0.000000, 1360.000000
177.658356, 30.471416, 25.403284, 0.000000, 0.000000, 0.000000, 0.000000, 0.000000, 0.000000, 1370.000000
179.089844, 30.976870, 25.462046, 0.000000, 0.000000, 0.000000, 0.000000, 0.000000, 0.000000, 1380.000000
180.502182, 31.478628, 25.525896, 0.000000, 0.000000, 0.000000, 0.000000, 0.000000, 0.000000, 1390.000000
181.932770, 31.354410, 25.594713, 0.000000, 0.000000, 0.000000, 0.000000, 0.000000, 0.000000, 1400.000000
183.450623, 31.234221, 25.660965, 0.000000, 0.000000, 0.000000, 0.000000, 0.000000, 0.000000, 1410.000000
185.190552, 31.117920, 25.724741, 0.000000, 0.000000, 0.000000, 0.000000, 0.000000, 0.000000, 1420.000000
187.238632, 31.005377, 25.786127, 0.000000, 0.000000, 0.000000, 0.000000, 0.000000, 0.000000, 1430.000000
189.727036, 30.896463, 25.845205, 0.000000, 0.000000, 0.000000, 0.000000, 0.000000, 0.000000, 1440.000000
192.859634, 30.791056, 25.902054, 0.000000, 0.000000, 0.000000, 0.000000, 0.000000, 0.000000, 1450.000000
196.891907, 30.689034, 25.956751, 0.000000, 0.000000, 0.000000, 0.000000, 0.000000, 0.000000, 1460.000000
201.810989, 30.590282, 26.009371, 0.000000, 0.000000, 0.000000, 0.000000, 0.000000, 0.000000, 1470.000000
206.777206, 30.494690, 26.059986, 0.000000, 0.000000, 0.000000, 0.000000, 0.000000, 0.000000, 1480.000000
210.921112, 30.402149, 26.108665, 0.000000, 0.000000, 0.000000, 0.000000, 0.000000, 0.000000, 1490.000000
214.205292, 30.312555, 26.155474, 0.000000, 0.000000, 0.000000, 0.000000, 0.000000, 0.000000, 1500.000000
216.885757, 30.225807, 26.200478, 0.000000, 0.000000, 0.000000, 0.000000, 0.000000, 0.000000, 1510.000000
219.170883, 30.141809, 26.243740, 0.000000, 0.000000, 0.000000, 0.000000, 0.000000, 0.000000, 1520.000000
221.195541, 30.060467, 26.285320, 0.000000, 0.000000, 0.000000, 0.000000, 0.000000, 0.000000, 1530.000000
223.046600, 29.981689, 26.325275, 0.000000, 0.000000, 0.000000, 0.000000, 0.000000, 0.000000, 1540.000000
224.782196, 29.905390, 26.363663, 0.000000, 0.000000, 0.000000, 0.000000, 0.000000, 0.000000, 1550.000000
226.442825, 29.831482, 26.400536, 0.000000, 0.000000, 0.000000, 0.000000, 0.000000, 0.000000, 1560.000000
228.057098, 29.759886, 26.435947, 0.000000, 0.000000, 0.000000, 0.000000, 0.000000, 0.000000, 1570.000000
229.644882, 29.690523, 26.469948, 0.000000, 0.000000, 0.000000, 0.000000, 0.000000, 0.000000, 1580.000000
231.219681, 29.623318, 26.502586, 0.000000, 0.000000, 0.000000, 0.000000, 0.000000, 0.000000, 1590.000000
232.790268, 29.558195, 26.533911, 0.000000, 0.000000, 0.000000, 0.000000, 0.000000, 0.000000, 1600.000000
234.362381, 29.495087, 26.563965, 0.000000, 0.000000, 0.000000, 0.000000, 0.000000, 0.000000, 1610.000000
235.939728, 29.433922, 26.592794, 0.000000, 0.000000, 0.000000, 0.000000, 0.000000, 0.000000, 1620.000000
237.526672, 29.374634, 26.620441, 0.000000, 0.000000, 0.000000, 0.000000, 0.000000, 0.000000, 1630.000000
239.128082, 29.317162, 26.646946, 0.000000, 0.000000, 0.000000, 0.000000, 0.000000, 0.000000, 1640.000000
240.742737, 29.261440, 26.672348, 0.000000, 0.000000, 0.000000, 0.000000, 0.000000, 0.000000, 1650.000000
