Time(s), Twind(°C), TMotCase(°C), Flat_i(N), Flat_o(N), Flat_r(N), Frad_i(N), Frad_o(N), Frad_r(N)
0.000000, 25.000000, 25.000000, 0.000000, 0.000000, 0.000000, 0.000000, 0.000000, 0.000000, 0.000000
1.484809, 25.000000, 25.000000, 0.000000, 0.000000, 0.000000, 0.000000, 0.000000, 0.000000, 10.000000
2.998825, 25.000000, 25.000000, 0.000000, 0.000000, 0.000000, 0.000000, 0.000000, 0.000000, 20.000000
4.542933, 25.000000, 25.000000, 0.000000, 0.000000, 0.000000, 0.000000, 0.000000, 0.000000, 30.000000
6.117875, 25.000000, 25.000000, 0.000000, 0.000000, 0.000000, 0.000000, 0.000000, 0.000000, 40.000000
7.724433, 25.000000, 25.000000, 0.000000, 0.000000, 0.000000, 0.000000, 0.000000, 0.000000, 50.000000
9.363710, 25.000000, 25.000000, 0.000000, 0.000000, 0.000000, 0.000000, 0.000000, 0.000000, 60.000000
11.037412, 25.000000, 25.000000, 0.000000, 0.000000, 0.000000, 0.000000, 0.000000, 0.000000, 70.000000
12.748067, 25.000000, 25.000000, 0.000000, 0.000000, 0.000000, 0.000000, 0.000000, 0.000000, 80.000000
14.498985, 25.000000, 25.000000, 0.000000, 0.000000, 0.000000, 0.000000, 0.000000, 0.000000, 90.000000
16.292610, 25.000000, 25.000000, 0.000000, 0.000000, 0.000000, 0.000000, 0.000000, 0.000000, 100.000000
18.127380, 25.000000, 25.000000, 0.000000, 0.000000, 0.000000, 0.000000, 0.000000, 0.000000, 110.000000
19.995720, 25.000000, 25.000000, 0.000000, 0.000000, 0.000000, 0.000000, 0.000000, 0.000000, 120.000000
21.884190, 25.000000, 25.000000, 0.000000, 0.000000, 0.000000, 0.000000, 0.000000, 0.000000, 130.000000
23.774151, 25.000000, 25.000000, 0.000000, 0.000000, 0.000000, 0.000000, 0.000000, 0.000000, 140.000000
25.644581, 25.000000, 25.000000, 0.000000, 0.000000, 0.000000, 0.000000, 0.000000, 0.000000, 150.000000
27.476963, 25.000000, 25.000000, 0.000000, 0.000000, 0.000000, 0.000000, 0.000000, 0.000000, 160.000000
29.257677, 25.000000, 25.000000, 0.000000, 0.000000, 0.000000, 0.000000, 0.000000, 0.000000, 170.000000
30.978504, 25.000000, 25.000000, 0.000000, 0.000000, 0.000000, 0.000000, 0.000000, 0.000000, 180.000000
32.635948, 25.000000, 25.000000, 0.000000, 0.000000, 0.000000, 0.000000, 0.000000, 0.000000, 190.000000
34.229877, 25.000000, 25.000000, 0.000000, 0.000000, 0.000000, 0.000000, 0.000000, 0.000000, 200.000000
35.761978, 25.000000, 25.000000, 0.000000, 0.000000, 0.000000, 0.000000, 0.000000, 0.000000, 210.000000
37.234787, 25.000000, 25.000000, 0.000000, 0.000000, 0.000000, 0.000000, 0.000000, 0.000000, 220.000000
38.651356, 25.000000, 25.000000, 0.000000, 0.000000, 0.000000, 0.000000, 0.000000, 0.000000, 230.000000
40.015205, 25.000000, 25.000000, 0.000000, 0.000000, 0.000000, 0.000000, 0.000000, 0.000000, 240.000000
41.330151, 25.000000, 25.000000, 0.000000, 0.000000, 0.000000, 0.000000, 0.000000, 0.000000, 250.000000
42.600208, 25.000000, 25.000000, 0.000000, 0.000000, 0.000000, 0.000000, 0.000000, 0.000000, 260.000000
43.829544, 25.000000, 25.000000, 0.000000, 0.000000, 0.000000, 0.000000, 0.000000, 0.000000, 270.000000
45.022305, 25.000000, 25.000000, 0.000000, 0.000000, 0.000000, 0.000000, 0.000000, 0.000000, 280.000000
46.182404, 25.000000, 25.000000, 0.000000, 0.000000, 0.000000, 0.000000, 0.000000, 0.000000, 290.000000
47.313538, 25.000000, 25.000000, 0.000000, 0.000000, 0.000000, 0.000000, 0.000000, 0.000000, 300.000000
48.419353, 25.000000, 25.000000, 0.000000, 0.000000, 0.000000, 0.000000, 0.000000, 0.000000, 310.000000
49.503639, 25.000000, 25.000000, 0.000000, 0.000000, 0.000000, 0.000000, 0.000000, 0.000000, 320.000000
50.570366, 25.000000, 25.000000, 0.000000, 0.000000, 0.000000, 0.000000, 0.000000, 0.000000, 330.000000
51.623478, 25.000000, 25.000000, 0.000000, 0.000000, 0.000000, 0.000000, 0.000000, 0.000000, 340.000000
52.666653, 25.000000, 25.000000, 0.000000, 0.000000, 0.000000, 0.000000, 0.000000, 0.000000, 350.000000
53.703037, 25.000000, 25.000000, 0.000000, 0.000000, 0.000000, 0.000000, 0.000000, 0.000000, 360.000000
54.735031, 25.000000, 25.000000, 0.000000, 0.000000, 0.000000, 0.000000, 0.000000, 0.000000, 370.000000
55.764080, 25.000000, 25.000000, 0.000000, 0.000000, 0.000000, 0.000000, 0.000000, 0.000000, 380.000000
56.790806, 25.000000, 25.000000, 0.000000, 0.000000, 0.000000, 0.000000, 0.000000, 0.000000, 390.000000
57.815346, 25.000000, 25.000000, 0.000000, 0.000000, 0.000000, 0.000000, 0.000000, 0.000000, 400.000000
58.837799, 25.000000, 25.000000, 0.000000, 0.000000, 0.000000, 0.000000, 0.000000, 0.000000, 410.000000
59.858452, 25.000000, 25.000000, 0.000000, 0.000000, 0.000000, 0.000000, 0.000000, 0.000000, 420.000000
60.877724, 25.000000, 25.000000, 0.000000, 0.000000, 0.000000, 0.000000, 0.000000, 0.000000, 430.000000
61.896324, 25.000000, 25.000000, 0.000000, 0.000000, 0.000000, 0.000000, 0.000000, 0.000000, 440.000000
62.914932, 25.000000, 25.000000, 0.000000, 0.000000, 0.000000, 0.000000, 0.000000, 0.000000, 450.000000
63.934177, 25.000000, 25.000000, 0.000000, 0.000000, 0.000000, 0.000000, 0.000000, 0.000000, 460.000000
64.954445, 25.000000, 25.000000, 0.000000, 0.000000, 0.000000, 0.000000, 0.000000, 0.000000, 470.000000
65.976082, 25.000000, 25.000000, 0.000000, 0.000000, 0.000000, 0.000000, 0.000000, 0.000000, 480.000000
66.999367, 25.000000, 25.000000, 0.000000, 0.000000, 0.000000, 0.000000, 0.000000, 0.000000, 490.000000
68.024590, 25.000000, 25.000000, 0.000000, 0.000000, 0.000000, 0.000000, 0.000000, 0.000000, 500.000000
69.052238, 25.000000, 25.000000, 0.000000, 0.000000, 0.000000, 0.000000, 0.000000, 0.000000, 510.000000
70.082809, 25.000000, 25.000000, 0.000000, 0.000000, 0.000000, 0.000000, 0.000000, 0.000000, 520.000000
71.116844, 25.000000, 25.000000, 0.000000, 0.000000, 0.000000, 0.000000, 0.000000, 0.000000, 530.000000
72.154869, 25.000000, 25.000000, 0.000000, 0.000000, 0.000000, 0.000000, 0.000000, 0.000000, 540.000000
73.197311, 25.000000, 25.000000, 0.000000, 0.000000, 0.000000, 0.000000, 0.000000, 0.000000, 550.000000
74.244560, 25.000000, 25.000000, 0.000000, 0.000000, 0.000000, 0.000000, 0.000000, 0.000000, 560.000000
75.296928, 25.000000, 25.000000, 0.000000, 0.000000, 0.000000, 0.000000, 0.000000, 0.000000, 570.000000
76.354820, 25.000000, 25.000000, 0.000000, 0.000000, 0.000000, 0.000000, 0.000000, 0.000000, 580.000000
77.418777, 25.000000, 25.000000, 0.000000, 0.000000, 0.000000, 0.000000, 0.000000, 0.000000, 590.000000
78.489563, 25.000000, 25.000000, 0.000000, 0.000000, 0.000000, 0.000000, 0.000000, 0.000000, 600.000000
79.568153, 25.000000, 25.000000, 0.000000, 0.000000, 0.000000, 0.000000, 0.000000, 0.000000, 610.000000
80.655891, 25.000000, 25.000000, 0.000000, 0.000000, 0.000000, 0.000000, 0.000000, 0.000000, 620.000000
81.754974, 25.000000, 25.000000, 0.000000, 0.000000, 0.000000, 0.000000, 0.000000, 0.000000, 630.000000
82.868843, 25.000000, 25.000000, 0.000000, 0.000000, 0.000000, 0.000000, 0.000000, 0.000000, 640.000000
84.001808, 25.000000, 25.000000, 0.000000, 0.000000, 0.000000, 0.000000, 0.000000, 0.000000, 650.000000
85.158173, 25.000000, 25.000000, 0.000000, 0.000000, 0.000000, 0.000000, 0.000000, 0.000000, 660.000000
86.341591, 25.000000, 25.000000, 0.000000, 0.000000, 0.000000, 0.000000, 0.000000, 0.000000, 670.000000
87.554810, 25.000000, 25.000000, 0.000000, 0.000000, 0.000000, 0.000000, 0.000000, 0.000000, 680.000000
88.799599, 25.000000, 25.000000, 0.000000, 0.000000, 0.000000, 0.000000, 0.000000, 0.000000, 690.000000
90.076881, 25.411993, 25.000000, 0.000000, 0.000000, 0.000000, 0.000000, 0.000000, 0.000000, 700.000000
91.341591, 25.403946, 25.004591, 0.000000, 0.000000, 0.000000, 0.000000, 0.000000, 0.000000, 710.000000
92.593849, 25.396145, 25.009024, 0.000000, 0.000000, 0.000000, 0.000000, 0.000000, 0.000000, 720.000000
93.877014, 25.388582, 25.013304, 0.000000, 0.000000, 0.000000, 0.000000, 0.000000, 0.000000, 730.000000
95.189278, 25.381252, 25.017437, 0.000000, 0.000000, 0.000000, 0.000000, 0.000000, 0.000000, 740.000000
96.526299, 25.374146, 25.021427, 0.000000, 0.000000, 0.000000, 0.000000, 0.000000, 0.000000, 750.000000
97.881485, 25.367256, 25.025280, 0.000000, 0.000000, 0.000000, 0.000000, 0.000000, 0.000000, 760.000000
99.247513, 25.360577, 25.028999, 0.000000, 0.000000, 0.000000, 0.000000, 0.000000, 0.000000, 770.000000
100.618538, 25.354099, 25.032589, 0.000000, 0.000000, 0.000000, 0.000000, 0.000000, 0.000000, 780.000000
101.991486, 25.347818, 25.036053, 0.000000, 0.000000, 0.000000, 0.000000, 0.000000, 0.000000, 790.000000
103.365852, 25.341728, 25.039396, 0.000000, 0.000000, 0.000000, 0.000000, 0.000000, 0.000000, 800.000000
104.742935, 25.335823, 25.042622, 0.000000, 0.000000, 0.000000, 0.000000, 0.000000, 0.000000, 810.000000
106.124557, 25.330095, 25.045734, 0.000000, 0.000000, 0.000000, 0.000000, 0.000000, 0.000000, 820.000000
107.511490, 25.324541, 25.048737, 0.000000, 0.000000, 0.000000, 0.000000, 0.000000, 0.000000, 830.000000
108.902496, 25.319153, 25.051634, 0.000000, 0.000000, 0.000000, 0.000000, 0.000000, 0.000000, 840.000000
110.294785, 25.313927, 25.054428, 0.000000, 0.000000, 0.000000, 0.000000, 0.000000, 0.000000, 850.000000
111.685867, 25.308857, 25.057121, 0.000000, 0.000000, 0.000000, 0.000000, 0.000000, 0.000000, 860.000000
113.074570, 25.303940, 25.059719, 0.000000, 0.000000, 0.000000, 0.000000, 0.000000, 0.000000, 870.000000
114.460564, 25.299170, 25.062223, 0.000000, 0.000000, 0.000000, 0.000000, 0.000000, 0.000000, 880.000000
115.843346, 25.294540, 25.064638, 0.000000, 0.000000, 0.000000, 0.000000, 0.000000, 0.000000, 890.000000
117.221886, 25.290049, 25.066965, 0.000000, 0.000000, 0.000000, 0.000000, 0.000000, 0.000000, 900.000000
118.594452, 25.285690, 25.069208, 0.000000, 0.000000, 0.000000, 0.000000, 0.000000, 0.000000, 910.000000
119.959038, 25.281462, 25.071369, 0.000000, 0.000000, 0.000000, 0.000000, 0.000000, 0.000000, 920.000000
121.313873, 25.277357, 25.073452, 0.000000, 0.000000, 0.000000, 0.000000, 0.000000, 0.000000, 930.000000
122.657738, 25.273375, 25.075459, 0.000000, 0.000000, 0.000000, 0.000000, 0.000000, 0.000000, 940.000000
123.990097, 25.269508, 25.077391, 0.000000, 0.000000, 0.000000, 0.000000, 0.000000, 0.000000, 950.000000
125.310959, 25.265755, 25.079250, 0.000000, 0.000000, 0.000000, 0.000000, 0.000000, 0.000000, 960.000000
126.620712, 25.262112, 25.081041, 0.000000, 0.000000, 0.000000, 0.000000, 0.000000, 0.000000, 970.000000
127.919922, 25.258575, 25.082766, 0.000000, 0.000000, 0.000000, 0.000000, 0.000000, 0.000000, 980.000000
129.209229, 25.255140, 25.084425, 0.000000, 0.000000, 0.000000, 0.000000, 0.000000, 0.000000, 990.000000
130.489319, 25.251806, 25.086021, 0.000000, 0.000000, 0.000000, 0.000000, 0.000000, 0.000000, 1000.000000
131.760925, 25.248568, 25.087557, 0.000000, 0.000000, 0.000000, 0.000000, 0.000000, 0.000000, 1010.000000
133.024780, 25.245422, 25.089033, 0.000000, 0.000000, 0.000000, 0.000000, 0.000000, 0.000000, 1020.000000
134.281616, 25.242367, 25.090452, 0.000000, 0.000000, 0.000000, 0.000000, 0.000000, 0.000000, 1030.000000
135.532104, 25.239399, 25.091816, 0.000000, 0.000000, 0.000000, 0.000000, 0.000000, 0.000000, 1040.000000
136.776855, 25.236517, 25.093128, 0.000000, 0.000000, 0.000000, 0.000000, 0.000000, 0.000000, 1050.000000
138.016342, 25.233715, 25.094389, 0.000000, 0.000000, 0.000000, 0.000000, 0.000000, 0.000000, 1060.000000
139.250931, 25.230993, 25.095598, 0.000000, 0.000000, 0.000000, 0.000000, 0.000000, 0.000000, 1070.000000
140.480774, 25.228348, 25.096760, 0.000000, 0.000000, 0.000000, 0.000000, 0.000000, 0.000000, 1080.000000
141.706070, 25.225777, 25.097876, 0.000000, 0.000000, 0.000000, 0.000000, 0.000000, 0.000000, 1090.000000
142.926941, 25.223278, 25.098946, 0.000000, 0.000000, 0.000000, 0.000000, 0.000000, 0.000000, 1100.000000
144.143463, 25.220850, 25.099972, 0.000000, 0.000000, 0.000000, 0.000000, 0.000000, 0.000000, 1110.000000
145.355576, 25.218489, 25.100956, 0.000000, 0.000000, 0.000000, 0.000000, 0.000000, 0.000000, 1120.000000
146.563156, 25.216192, 25.101900, 0.000000, 0.000000, 0.000000, 0.000000, 0.000000, 0.000000, 1130.000000
147.765961, 25.213959, 25.102804, 0.000000, 0.000000, 0.000000, 0.000000, 0.000000, 0.000000, 1140.000000
148.963654, 25.211788, 25.103670, 0.000000, 0.000000, 0.000000, 0.000000, 0.000000, 0.000000, 1150.000000
150.155899, 25.209677, 25.104498, 0.000000, 0.000000, 0.000000, 0.000000, 0.000000, 0.000000, 1160.000000
151.342453, 25.207623, 25.105291, 0.000000, 0.000000, 0.000000, 0.000000, 0.000000, 0.000000, 1170.000000
152.523254, 25.205624, 25.106050, 0.000000, 0.000000, 0.000000, 0.000000, 0.000000, 0.000000, 1180.000000
153.698380, 25.203678, 25.106775, 0.000000, 0.000000, 0.000000, 0.000000, 0.000000, 0.000000, 1190.000000
154.868698, 25.201786, 25.107468, 0.000000, 0.000000, 0.000000, 0.000000, 0.000000, 0.000000, 1200.000000
156.036743, 25.199944, 25.108130, 0.000000, 0.000000, 0.000000, 0.000000, 0.000000, 0.000000, 1210.000000
157.207062, 25.198151, 25.108761, 0.000000, 0.000000, 0.000000, 0.000000, 0.000000, 0.000000, 1220.000000
158.387329, 25.196405, 25.109362, 0.000000, 0.000000, 0.000000, 0.000000, 0.000000, 0.000000, 1230.000000
159.588104, 25.194706, 25.109936, 0.000000, 0.000000, 0.000000, 0.000000, 0.000000, 0.000000, 1240.000000
160.822830, 25.193050, 25.110481, 0.000000, 0.000000, 0.000000, 0.000000, 0.000000, 0.000000, 1250.000000
162.108505, 25.191437, 25.111000, 0.000000, 0.000000, 0.000000, 0.000000, 0.000000, 0.000000, 1260.000000
163.467331, 25.668461, 25.111494, 0.000000, 0.000000, 0.000000, 0.000000, 0.000000, 0.000000, 1270.000000
164.854294, 26.150139, 25.117296, 0.000000, 0.000000, 0.000000, 0.000000, 0.000000, 0.000000, 1280.000000
166.215103, 26.633087, 25.128380, 0.000000, 0.000000, 0.000000, 0.000000, 0.000000, 0.000000, 1290.000000
167.561264, 27.114412, 25.144680, 0.000000, 0.000000, 0.000000, 0.000000, 0.000000, 0.000000, 1300.000000
168.901917, 27.591629, 25.166103, 0.000000, 0.000000, 0.000000, 0.000000, 0.000000, 0.000000, 1310.000000
170.244522, 28.062607, 25.192526, 0.000000, 0.000000, 0.000000, 0.000000, 0.000000, 0.000000, 1320.000000
171.595520, 28.525534, 25.223806, 0.000000, 0.000000, 0.000000, 0.000000, 0.000000, 0.000000, 1330.000000
172.960342, 28.978983, 25.259783, 0.000000, 0.000000, 0.000000, 0.000000, 0.000000, 0.000000, 1340.000000
174.343277, 29.422045, 25.300282, 0.000000, 0.000000, 0.000000, 0.000000, 0.000000, 0.000000, 1350.000000
175.747208, 29.854336, 25.345118, 0.000000, 0.000000, 0.000000, 0.000000, 0.000000, 0.000000, 1360.000000
177.173660, 30.275915, 25.394110, 0.000000, 0.000000, 0.000000, 0.000000, 0.000000, 0.000000, 1370.000000
178.623016, 30.687140, 25.447075, 0.000000, 0.000000, 0.000000, 0.000000, 0.000000, 0.000000, 1380.000000
180.094818, 31.088545, 25.503839, 0.000000, 0.000000, 0.000000, 0.000000, 0.000000, 0.000000, 1390.000000
181.587234, 31.481228, 25.564238, 0.000000, 0.000000, 0.000000, 0.000000, 0.000000, 0.000000, 1400.000000
183.095001, 31.867521, 25.628120, 0.000000, 0.000000, 0.000000, 0.000000, 0.000000, 0.000000, 1410.000000
184.606750, 31.745640, 25.695364, 0.000000, 0.000000, 0.000000, 0.000000, 0.000000, 0.000000, 1420.000000
186.199280, 31.627451, 25.760256, 0.000000, 0.000000, 0.000000, 0.000000, 0.000000, 0.000000, 1430.000000
187.977203, 31.512840, 25.822872, 0.000000, 0.000000, 0.000000, 0.000000, 0.000000, 0.000000, 1440.000000
189.954926, 31.401691, 25.883287, 0.000000, 0.000000, 0.000000, 0.000000, 0.000000, 0.000000, 1450.000000
192.117188, 31.293894, 25.941572, 0.000000, 0.000000, 0.000000, 0.000000, 0.000000, 0.000000, 1460.000000
194.399109, 31.189341, 25.997795, 0.000000, 0.000000, 0.000000, 0.000000, 0.000000, 0.000000, 1470.000000
196.692413, 31.087927, 26.052023, 0.000000, 0.000000, 0.000000, 0.000000, 0.000000, 0.000000, 1480.000000
198.889099, 30.989553, 26.104319, 0.000000, 0.000000, 0.000000, 0.000000, 0.000000, 0.000000, 1490.000000
200.927155, 30.894123, 26.154747, 0.000000, 0.000000, 0.000000, 0.000000, 0.000000, 0.000000, 1500.000000
202.797531, 30.801542, 26.203367, 0.000000, 0.000000, 0.000000, 0.000000, 0.000000, 0.000000, 1510.000000
204.521515, 30.711720, 26.250237, 0.000000, 0.000000, 0.000000, 0.000000, 0.000000, 0.000000, 1520.000000
206.129807, 30.624567, 26.295414, 0.000000, 0.000000, 0.000000, 0.000000, 0.000000, 0.000000, 1530.000000
207.652527, 30.540001, 26.338953, 0.000000, 0.000000, 0.000000, 0.000000, 0.000000, 0.000000, 1540.000000
209.115829, 30.457937, 26.380907, 0.000000, 0.000000, 0.000000, 0.000000, 0.000000, 0.000000, 1550.000000
210.541397, 30.378296, 26.421326, 0.000000, 0.000000, 0.000000, 0.000000, 0.000000, 0.000000, 1560.000000
211.946167, 30.300999, 26.460260, 0.000000, 0.000000, 0.000000, 0.000000, 0.000000, 0.000000, 1570.000000
213.342361, 30.225973, 26.497759, 0.000000, 0.000000, 0.000000, 0.000000, 0.000000, 0.000000, 1580.000000
214.738174, 30.153145, 26.533869, 0.000000, 0.000000, 0.000000, 0.000000, 0.000000, 0.000000, 1590.000000
216.138519, 30.082445, 26.568634, 0.000000, 0.000000, 0.000000, 0.000000, 0.000000, 0.000000, 1600.000000
217.545944, 30.013805, 26.602097, 0.000000, 0.000000, 0.000000, 0.000000, 0.000000, 0.000000, 1610.000000
218.962234, 29.947161, 26.634300, 0.000000, 0.000000, 0.000000, 0.000000, 0.000000, 0.000000, 1620.000000
220.390198, 29.882446, 26.665287, 0.000000, 0.000000, 0.000000, 0.000000, 0.000000, 0.000000, 1630.000000
221.833084, 29.819601, 26.695095, 0.000000, 0.000000, 0.000000, 0.000000, 0.000000, 0.000000, 1640.000000
223.288177, 29.758566, 26.723763, 0.000000, 0.000000, 0.000000, 0.000000, 0.000000, 0.000000, 1650.000000
