Time(s), Twind(°C), TMotCase(°C), Flat_i(N), Flat_o(N), Flat_r(N), Frad_i(N), Frad_o(N), Frad_r(N)
0.000000, 25.000000, 25.000000, 0.000000, 0.000000, 0.000000, 0.000000, 0.000000, 0.000000, 0.000000
1.579210, 25.000000, 25.000000, 0.000000, 0.000000, 0.000000, 0.000000, 0.000000, 0.000000, 10.000000
3.192907, 25.000000, 25.000000, 0.000000, 0.000000, 0.000000, 0.000000, 0.000000, 0.000000, 20.000000
4.842392, 25.000000, 25.000000, 0.000000, 0.000000, 0.000000, 0.000000, 0.000000, 0.000000, 30.000000
6.528852, 25.000000, 25.000000, 0.000000, 0.000000, 0.000000, 0.000000, 0.000000, 0.000000, 40.000000
8.253530, 25.000000, 25.000000, 0.000000, 0.000000, 0.000000, 0.000000, 0.000000, 0.000000, 50.000000
10.018037, 25.000000, 25.000000, 0.000000, 0.000000, 0.000000, 0.000000, 0.000000, 0.000000, 60.000000
11.824636, 25.000000, 25.000000, 0.000000, 0.000000, 0.000000, 0.000000, 0.000000, 0.000000, 70.000000
13.676544, 25.000000, 25.000000, 0.000000, 0.000000, 0.000000, 0.000000, 0.000000, 0.000000, 80.000000
15.577988, 25.000000, 25.000000, 0.000000, 0.000000, 0.000000, 0.000000, 0.000000, 0.000000, 90.000000
17.533092, 25.000000, 25.000000, 0.000000, 0.000000, 0.000000, 0.000000, 0.000000, 0.000000, 100.000000
19.542921, 25.000000, 25.000000, 0.000000, 0.000000, 0.000000, 0.000000, 0.000000, 0.000000, 110.000000
21.602257, 25.000000, 25.000000, 0.000000, 0.000000, 0.000000, 0.000000, 0.000000, 0.000000, 120.000000
23.698065, 25.000000, 25.000000, 0.000000, 0.000000, 0.000000, 0.000000, 0.000000, 0.000000, 130.000000
25.809881, 25.000000, 25.000000, 0.000000, 0.000000, 0.000000, 0.000000, 0.000000, 0.000000, 140.000000
27.912066, 25.000000, 25.000000, 0.000000, 0.000000, 0.000000, 0.000000, 0.000000, 0.000000, 150.000000
29.978416, 25.000000, 25.000000, 0.000000, 0.000000, 0.000000, 0.000000, 0.000000, 0.000000, 160.000000
31.987614, 25.000000, 25.000000, 0.000000, 0.000000, 0.000000, 0.000000, 0.000000, 0.000000, 170.000000
33.925396, 25.000000, 25.000000, 0.000000, 0.000000, 0.000000, 0.000000, 0.000000, 0.000000, 180.000000
35.784470, 25.000000, 25.000000, 0.000000, 0.000000, 0.000000, 0.000000, 0.000000, 0.000000, 190.000000
37.554707, 25.000000, 25.000000, 0.000000, 0.000000, 0.000000, 0.000000, 0.000000, 0.000000, 200.000000
39.233284, 25.000000, 25.000000, 0.000000, 0.000000, 0.000000, 0.000000, 0.000000, 0.000000, 210.000000
40.828632, 25.000000, 25.000000, 0.000000, 0.000000, 0.000000, 0.000000, 0.000000, 0.000000, 220.000000
42.348763, 25.000000, 25.000000, 0.000000, 0.000000, 0.000000, 0.000000, 0.000000, 0.000000, 230.000000
43.801231, 25.000000, 25.000000, 0.000000, 0.000000, 0.000000, 0.000000, 0.000000, 0.000000, 240.000000
45.193138, 25.000000, 25.000000, 0.000000, 0.000000, 0.000000, 0.000000, 0.000000, 0.000000, 250.000000
46.531197, 25.000000, 25.000000, 0.000000, 0.000000, 0.000000, 0.000000, 0.000000, 0.000000, 260.000000
47.821651, 25.000000, 25.000000, 0.000000, 0.000000, 0.000000, 0.000000, 0.000000, 0.000000, 270.000000
49.070137, 25.000000, 25.000000, 0.000000, 0.000000, 0.000000, 0.000000, 0.000000, 0.000000, 280.000000
50.281712, 25.000000, 25.000000, 0.000000, 0.000000, 0.000000, 0.000000, 0.000000, 0.000000, 290.000000
51.461037, 25.000000, 25.000000, 0.000000, 0.000000, 0.000000, 0.000000, 0.000000, 0.000000, 300.000000
52.612679, 25.000000, 25.000000, 0.000000, 0.000000, 0.000000, 0.000000, 0.000000, 0.000000, 310.000000
53.741253, 25.000000, 25.000000, 0.000000, 0.000000, 0.000000, 0.000000, 0.000000, 0.000000, 320.000000
54.851463, 25.000000, 25.000000, 0.000000, 0.000000, 0.000000, 0.000000, 0.000000, 0.000000, 330.000000
55.947861, 25.000000, 25.000000, 0.000000, 0.000000, 0.000000, 0.000000, 0.000000, 0.000000, 340.000000
57.034573, 25.000000, 25.000000, 0.000000, 0.000000, 0.000000, 0.000000, 0.000000, 0.000000, 350.000000
58.115101, 25.000000, 25.000000, 0.000000, 0.000000, 0.000000, 0.000000, 0.000000, 0.000000, 360.000000
59.191925, 25.000000, 25.000000, 0.000000, 0.000000, 0.000000, 0.000000, 0.000000, 0.000000, 370.000000
60.266510, 25.000000, 25.000000, 0.000000, 0.000000, 0.000000, 0.000000, 0.000000, 0.000000, 380.000000
61.339119, 25.000000, 25.000000, 0.000000, 0.000000, 0.000000, 0.000000, 0.000000, 0.000000, 390.000000
62.409801, 25.000000, 25.000000, 0.000000, 0.000000, 0.000000, 0.000000, 0.000000, 0.000000, 400.000000
63.478939, 25.000000, 25.000000, 0.000000, 0.000000, 0.000000, 0.000000, 0.000000, 0.000000, 410.000000
64.547081, 25.000000, 25.000000, 0.000000, 0.000000, 0.000000, 0.000000, 0.000000, 0.000000, 420.000000
65.613052, 25.000000, 25.000000, 0.000000, 0.000000, 0.000000, 0.000000, 0.000000, 0.000000, 430.000000
66.681190, 25.000000, 25.000000, 0.000000, 0.000000, 0.000000, 0.000000, 0.000000, 0.000000, 440.000000
67.750183, 25.000000, 25.000000, 0.000000, 0.000000, 0.000000, 0.000000, 0.000000, 0.000000, 450.000000
68.820343, 25.000000, 25.000000, 0.000000, 0.000000, 0.000000, 0.000000, 0.000000, 0.000000, 460.000000
69.892006, 25.000000, 25.000000, 0.000000, 0.000000, 0.000000, 0.000000, 0.000000, 0.000000, 470.000000
70.965454, 25.000000, 25.000000, 0.000000, 0.000000, 0.000000, 0.000000, 0.000000, 0.000000, 480.000000
72.041145, 25.000000, 25.000000, 0.000000, 0.000000, 0.000000, 0.000000, 0.000000, 0.000000, 490.000000
73.119560, 25.000000, 25.000000, 0.000000, 0.000000, 0.000000, 0.000000, 0.000000, 0.000000, 500.000000
74.201279, 25.000000, 25.000000, 0.000000, 0.000000, 0.000000, 0.000000, 0.000000, 0.000000, 510.000000
75.286858, 25.000000, 25.000000, 0.000000, 0.000000, 0.000000, 0.000000, 0.000000, 0.000000, 520.000000
76.376854, 25.000000, 25.000000, 0.000000, 0.000000, 0.000000, 0.000000, 0.000000, 0.000000, 530.000000
77.471733, 25.000000, 25.000000, 0.000000, 0.000000, 0.000000, 0.000000, 0.000000, 0.000000, 540.000000
78.571869, 25.000000, 25.000000, 0.000000, 0.000000, 0.000000, 0.000000, 0.000000, 0.000000, 550.000000
79.677589, 25.000000, 25.000000, 0.000000, 0.000000, 0.000000, 0.000000, 0.000000, 0.000000, 560.000000
80.789352, 25.000000, 25.000000, 0.000000, 0.000000, 0.000000, 0.000000, 0.000000, 0.000000, 570.000000
81.908775, 25.000000, 25.000000, 0.000000, 0.000000, 0.000000, 0.000000, 0.000000, 0.000000, 580.000000
83.038147, 25.000000, 25.000000, 0.000000, 0.000000, 0.000000, 0.000000, 0.000000, 0.000000, 590.000000
84.179932, 25.000000, 25.000000, 0.000000, 0.000000, 0.000000, 0.000000, 0.000000, 0.000000, 600.000000
85.338013, 25.000000, 25.000000, 0.000000, 0.000000, 0.000000, 0.000000, 0.000000, 0.000000, 610.000000
86.517395, 25.000000, 25.000000, 0.000000, 0.000000, 0.000000, 0.000000, 0.000000, 0.000000, 620.000000
87.723274, 25.000000, 25.000000, 0.000000, 0.000000, 0.000000, 0.000000, 0.000000, 0.000000, 630.000000
88.960373, 25.000000, 25.000000, 0.000000, 0.000000, 0.000000, 0.000000, 0.000000, 0.000000, 640.000000
90.232506, 25.000000, 25.000000, 0.000000, 0.000000, 0.000000, 0.000000, 0.000000, 0.000000, 650.000000
91.542419, 25.000000, 25.000000, 0.000000, 0.000000, 0.000000, 0.000000, 0.000000, 0.000000, 660.000000
92.891846, 25.000000, 25.000000, 0.000000, 0.000000, 0.000000, 0.000000, 0.000000, 0.000000, 670.000000
94.281616, 25.000000, 25.000000, 0.000000, 0.000000, 0.000000, 0.000000, 0.000000, 0.000000, 680.000000
95.711884, 25.000000, 25.000000, 0.000000, 0.000000, 0.000000, 0.000000, 0.000000, 0.000000, 690.000000
97.182213, 25.000000, 25.000000, 0.000000, 0.000000, 0.000000, 0.000000, 0.000000, 0.000000, 700.000000
98.691177, 25.000000, 25.000000, 0.000000, 0.000000, 0.000000, 0.000000, 0.000000, 0.000000, 710.000000
100.235115, 25.000000, 25.000000, 0.000000, 0.000000, 0.000000, 0.000000, 0.000000, 0.000000, 720.000000
101.807266, 25.000000, 25.000000, 0.000000, 0.000000, 0.000000, 0.000000, 0.000000, 0.000000, 730.000000
103.398460, 25.000000, 25.000000, 0.000000, 0.000000, 0.000000, 0.000000, 0.000000, 0.000000, 740.000000
104.999092, 25.000000, 25.000000, 0.000000, 0.000000, 0.000000, 0.000000, 0.000000, 0.000000, 750.000000
106.601425, 25.000000, 25.000000, 0.000000, 0.000000, 0.000000, 0.000000, 0.000000, 0.000000, 760.000000
108.202927, 25.000000, 25.000000, 0.000000, 0.000000, 0.000000, 0.000000, 0.000000, 0.000000, 770.000000
109.804825, 25.000000, 25.000000, 0.000000, 0.000000, 0.000000, 0.000000, 0.000000, 0.000000, 780.000000
111.408516, 25.000000, 25.000000, 0.000000, 0.000000, 0.000000, 0.000000, 0.000000, 0.000000, 790.000000
113.012688, 25.000000, 25.000000, 0.000000, 0.000000, 0.000000, 0.000000, 0.000000, 0.000000, 800.000000
114.614601, 25.000000, 25.000000, 0.000000, 0.000000, 0.000000, 0.000000, 0.000000, 0.000000, 810.000000
116.211349, 25.000000, 25.000000, 0.000000, 0.000000, 0.000000, 0.000000, 0.000000, 0.000000, 820.000000
117.801559, 25.408314, 25.000000, 0.000000, 0.000000, 0.000000, 0.000000, 0.000000, 0.000000, 830.000000
119.296097, 25.867025, 25.004549, 0.000000, 0.000000, 0.000000, 0.000000, 0.000000, 0.000000, 840.000000
120.638435, 25.850178, 25.014143, 0.000000, 0.000000, 0.000000, 0.000000, 0.000000, 0.000000, 850.000000
121.916420, 25.833847, 25.023407, 0.000000, 0.000000, 0.000000, 0.000000, 0.000000, 0.000000, 860.000000
123.191689, 25.818016, 25.032352, 0.000000, 0.000000, 0.000000, 0.000000, 0.000000, 0.000000, 870.000000
124.462662, 25.802670, 25.040989, 0.000000, 0.000000, 0.000000, 0.000000, 0.000000, 0.000000, 880.000000
125.727722, 25.787790, 25.049328, 0.000000, 0.000000, 0.000000, 0.000000, 0.000000, 0.000000, 890.000000
126.985558, 25.773365, 25.057377, 0.000000, 0.000000, 0.000000, 0.000000, 0.000000, 0.000000, 900.000000
128.235321, 25.759378, 25.065147, 0.000000, 0.000000, 0.000000, 0.000000, 0.000000, 0.000000, 910.000000
129.476608, 25.745817, 25.072647, 0.000000, 0.000000, 0.000000, 0.000000, 0.000000, 0.000000, 920.000000
130.709427, 25.732668, 25.079884, 0.000000, 0.000000, 0.000000, 0.000000, 0.000000, 0.000000, 930.000000
131.934021, 25.719915, 25.086868, 0.000000, 0.000000, 0.000000, 0.000000, 0.000000, 0.000000, 940.000000
133.150803, 25.707550, 25.093607, 0.000000, 0.000000, 0.000000, 0.000000, 0.000000, 0.000000, 950.000000
134.360596, 25.695557, 25.100109, 0.000000, 0.000000, 0.000000, 0.000000, 0.000000, 0.000000, 960.000000
135.564270, 25.683926, 25.106380, 0.000000, 0.000000, 0.000000, 0.000000, 0.000000, 0.000000, 970.000000
136.762405, 25.672644, 25.112431, 0.000000, 0.000000, 0.000000, 0.000000, 0.000000, 0.000000, 980.000000
137.955521, 25.661701, 25.118265, 0.000000, 0.000000, 0.000000, 0.000000, 0.000000, 0.000000, 990.000000
139.144150, 25.651085, 25.123892, 0.000000, 0.000000, 0.000000, 0.000000, 0.000000, 0.000000, 1000.000000
140.328644, 25.640787, 25.129316, 0.000000, 0.000000, 0.000000, 0.000000, 0.000000, 0.000000, 1010.000000
141.509323, 25.630796, 25.134546, 0.000000, 0.000000, 0.000000, 0.000000, 0.000000, 0.000000, 1020.000000
142.686432, 25.621103, 25.139587, 0.000000, 0.000000, 0.000000, 0.000000, 0.000000, 0.000000, 1030.000000
143.860138, 25.611698, 25.144445, 0.000000, 0.000000, 0.000000, 0.000000, 0.000000, 0.000000, 1040.000000
145.030548, 25.602571, 25.149128, 0.000000, 0.000000, 0.000000, 0.000000, 0.000000, 0.000000, 1050.000000
146.197815, 25.593714, 25.153639, 0.000000, 0.000000, 0.000000, 0.000000, 0.000000, 0.000000, 1060.000000
147.361969, 25.585117, 25.157986, 0.000000, 0.000000, 0.000000, 0.000000, 0.000000, 0.000000, 1070.000000
148.523026, 25.576773, 25.162172, 0.000000, 0.000000, 0.000000, 0.000000, 0.000000, 0.000000, 1080.000000
149.680832, 25.568674, 25.166204, 0.000000, 0.000000, 0.000000, 0.000000, 0.000000, 0.000000, 1090.000000
150.835251, 25.560812, 25.170086, 0.000000, 0.000000, 0.000000, 0.000000, 0.000000, 0.000000, 1100.000000
151.986038, 25.553179, 25.173822, 0.000000, 0.000000, 0.000000, 0.000000, 0.000000, 0.000000, 1110.000000
153.133011, 25.545769, 25.177420, 0.000000, 0.000000, 0.000000, 0.000000, 0.000000, 0.000000, 1120.000000
154.275970, 25.538574, 25.180880, 0.000000, 0.000000, 0.000000, 0.000000, 0.000000, 0.000000, 1130.000000
155.414902, 25.531588, 25.184210, 0.000000, 0.000000, 0.000000, 0.000000, 0.000000, 0.000000, 1140.000000
156.552170, 25.524801, 25.187412, 0.000000, 0.000000, 0.000000, 0.000000, 0.000000, 0.000000, 1150.000000
157.692459, 25.518211, 25.190493, 0.000000, 0.000000, 0.000000, 0.000000, 0.000000, 0.000000, 1160.000000
158.842484, 25.511810, 25.193453, 0.000000, 0.000000, 0.000000, 0.000000, 0.000000, 0.000000, 1170.000000
160.011276, 25.505592, 25.196299, 0.000000, 0.000000, 0.000000, 0.000000, 0.000000, 0.000000, 1180.000000
161.210297, 25.499550, 25.199034, 0.000000, 0.000000, 0.000000, 0.000000, 0.000000, 0.000000, 1190.000000
162.453812, 25.493679, 25.201660, 0.000000, 0.000000, 0.000000, 0.000000, 0.000000, 0.000000, 1200.000000
163.760132, 25.487974, 25.204182, 0.000000, 0.000000, 0.000000, 0.000000, 0.000000, 0.000000, 1210.000000
165.154022, 25.482431, 25.206604, 0.000000, 0.000000, 0.000000, 0.000000, 0.000000, 0.000000, 1220.000000
166.671906, 26.012335, 25.208929, 0.000000, 0.000000, 0.000000, 0.000000, 0.000000, 0.000000, 1230.000000
168.231400, 26.553272, 25.217123, 0.000000, 0.000000, 0.000000, 0.000000, 0.000000, 0.000000, 1240.000000
169.730057, 27.102383, 25.231224, 0.000000, 0.000000, 0.000000, 0.000000, 0.000000, 0.000000, 1250.000000
171.183823, 27.657425, 25.251234, 0.000000, 0.000000, 0.000000, 0.000000, 0.000000, 0.000000, 1260.000000
172.603867, 28.216644, 25.277134, 0.000000, 0.000000, 0.000000, 0.000000, 0.000000, 0.000000, 1270.000000
173.998123, 28.778717, 25.308882, 0.000000, 0.000000, 0.000000, 0.000000, 0.000000, 0.000000, 1280.000000
175.372086, 29.342783, 25.346424, 0.000000, 0.000000, 0.000000, 0.000000, 0.000000, 0.000000, 1290.000000
176.729050, 29.908478, 25.389696, 0.000000, 0.000000, 0.000000, 0.000000, 0.000000, 0.000000, 1300.000000
178.070526, 30.475891, 25.438633, 0.000000, 0.000000, 0.000000, 0.000000, 0.000000, 0.000000, 1310.000000
179.396652, 31.045458, 25.493168, 0.000000, 0.000000, 0.000000, 0.000000, 0.000000, 0.000000, 1320.000000
180.706696, 31.617836, 25.553244, 0.000000, 0.000000, 0.000000, 0.000000, 0.000000, 0.000000, 1330.000000
181.995316, 31.499369, 25.618811, 0.000000, 0.000000, 0.000000, 0.000000, 0.000000, 0.000000, 1340.000000
183.328278, 31.384497, 25.682089, 0.000000, 0.000000, 0.000000, 0.000000, 0.000000, 0.000000, 1350.000000
184.789612, 31.273104, 25.743153, 0.000000, 0.000000, 0.000000, 0.000000, 0.000000, 0.000000, 1360.000000
186.395462, 31.165079, 25.802074, 0.000000, 0.000000, 0.000000, 0.000000, 0.000000, 0.000000, 1370.000000
188.153931, 31.060316, 25.858921, 0.000000, 0.000000, 0.000000, 0.000000, 0.000000, 0.000000, 1380.000000
190.055191, 30.958710, 25.913761, 0.000000, 0.000000, 0.000000, 0.000000, 0.000000, 0.000000, 1390.000000
192.060898, 30.860161, 25.966660, 0.000000, 0.000000, 0.000000, 0.000000, 0.000000, 0.000000, 1400.000000
194.104324, 30.764570, 26.017679, 0.000000, 0.000000, 0.000000, 0.000000, 0.000000, 0.000000, 1410.000000
196.109360, 30.671843, 26.066879, 0.000000, 0.000000, 0.000000, 0.000000, 0.000000, 0.000000, 1420.000000
198.017593, 30.581888, 26.114321, 0.000000, 0.000000, 0.000000, 0.000000, 0.000000, 0.000000, 1430.000000
199.803329, 30.494617, 26.160059, 0.000000, 0.000000, 0.000000, 0.000000, 0.000000, 0.000000, 1440.000000
201.468597, 30.409945, 26.204149, 0.000000, 0.000000, 0.000000, 0.000000, 0.000000, 0.000000, 1450.000000
203.030304, 30.327787, 26.246645, 0.000000, 0.000000, 0.000000, 0.000000, 0.000000, 0.000000, 1460.000000
204.510529, 30.248066, 26.287598, 0.000000, 0.000000, 0.000000, 0.000000, 0.000000, 0.000000, 1470.000000
205.931503, 30.170700, 26.327057, 0.000000, 0.000000, 0.000000, 0.000000, 0.000000, 0.000000, 1480.000000
207.313461, 30.095617, 26.365070, 0.000000, 0.000000, 0.000000, 0.000000, 0.000000, 0.000000, 1490.000000
208.673782, 30.022743, 26.401688, 0.000000, 0.000000, 0.000000, 0.000000, 0.000000, 0.000000, 1500.000000
210.038727, 29.952009, 26.436951, 0.000000, 0.000000, 0.000000, 0.000000, 0.000000, 0.000000, 1510.000000
211.427139, 29.883345, 26.470905, 0.000000, 0.000000, 0.000000, 0.000000, 0.000000, 0.000000, 1520.000000
212.839645, 29.816685, 26.503593, 0.000000, 0.000000, 0.000000, 0.000000, 0.000000, 0.000000, 1530.000000
214.276764, 29.751966, 26.535057, 0.000000, 0.000000, 0.000000, 0.000000, 0.000000, 0.000000, 1540.000000
215.739014, 29.689127, 26.565334, 0.000000, 0.000000, 0.000000, 0.000000, 0.000000, 0.000000, 1550.000000
217.227219, 29.628105, 26.594463, 0.000000, 0.000000, 0.000000, 0.000000, 0.000000, 0.000000, 1560.000000
218.742706, 29.568846, 26.622482, 0.000000, 0.000000, 0.000000, 0.000000, 0.000000, 0.000000, 1570.000000
