Time(s), Twind(°C), TMotCase(°C), Flat_i(N), Flat_o(N), Flat_r(N), Frad_i(N), Frad_o(N), Frad_r(N)
0.000000, 25.000000, 25.000000, 0.000000, 0.000000, 0.000000, 0.000000, 0.000000, 0.000000, 0.000000
1.579210, 25.000000, 25.000000, 0.000000, 0.000000, 0.000000, 0.000000, 0.000000, 0.000000, 10.000000
3.192888, 25.000000, 25.000000, 0.000000, 0.000000, 0.000000, 0.000000, 0.000000, 0.000000, 20.000000
4.842292, 25.000000, 25.000000, 0.000000, 0.000000, 0.000000, 0.000000, 0.000000, 0.000000, 30.000000
6.528512, 25.000000, 25.000000, 0.000000, 0.000000, 0.000000, 0.000000, 0.000000, 0.000000, 40.000000
8.252689, 25.000000, 25.000000, 0.000000, 0.000000, 0.000000, 0.000000, 0.000000, 0.000000, 50.000000
10.016304, 25.000000, 25.000000, 0.000000, 0.000000, 0.000000, 0.000000, 0.000000, 0.000000, 60.000000
11.821490, 25.000000, 25.000000, 0.000000, 0.000000, 0.000000, 0.000000, 0.000000, 0.000000, 70.000000
13.671298, 25.000000, 25.000000, 0.000000, 0.000000, 0.000000, 0.000000, 0.000000, 0.000000, 80.000000
15.569669, 25.000000, 25.000000, 0.000000, 0.000000, 0.000000, 0.000000, 0.000000, 0.000000, 90.000000
17.519423, 25.000000, 25.000000, 0.000000, 0.000000, 0.000000, 0.000000, 0.000000, 0.000000, 100.000000
19.518250, 25.000000, 25.000000, 0.000000, 0.000000, 0.000000, 0.000000, 0.000000, 0.000000, 110.000000
21.556004, 25.000000, 25.000000, 0.000000, 0.000000, 0.000000, 0.000000, 0.000000, 0.000000, 120.000000
23.614870, 25.000000, 25.000000, 0.000000, 0.000000, 0.000000, 0.000000, 0.000000, 0.000000, 130.000000
25.670876, 25.000000, 25.000000, 0.000000, 0.000000, 0.000000, 0.000000, 0.000000, 0.000000, 140.000000
27.698019, 25.000000, 25.000000, 0.000000, 0.000000, 0.000000, 0.000000, 0.000000, 0.000000, 150.000000
29.674158, 25.000000, 25.000000, 0.000000, 0.000000, 0.000000, 0.000000, 0.000000, 0.000000, 160.000000
31.583858, 25.000000, 25.000000, 0.000000, 0.000000, 0.000000, 0.000000, 0.000000, 0.000000, 170.000000
33.418716, 25.000000, 25.000000, 0.000000, 0.000000, 0.000000, 0.000000, 0.000000, 0.000000, 180.000000
35.176151, 25.000000, 25.000000, 0.000000, 0.000000, 0.000000, 0.000000, 0.000000, 0.000000, 190.000000
36.857468, 25.000000, 25.000000, 0.000000, 0.000000, 0.000000, 0.000000, 0.000000, 0.000000, 200.000000
38.465916, 25.000000, 25.000000, 0.000000, 0.000000, 0.000000, 0.000000, 0.000000, 0.000000, 210.000000
40.005478, 25.000000, 25.000000, 0.000000, 0.000000, 0.000000, 0.000000, 0.000000, 0.000000, 220.000000
41.480526, 25.000000, 25.000000, 0.000000, 0.000000, 0.000000, 0.000000, 0.000000, 0.000000, 230.000000
42.895752, 25.000000, 25.000000, 0.000000, 0.000000, 0.000000, 0.000000, 0.000000, 0.000000, 240.000000
44.256008, 25.000000, 25.000000, 0.000000, 0.000000, 0.000000, 0.000000, 0.000000, 0.000000, 250.000000
45.566219, 25.000000, 25.000000, 0.000000, 0.000000, 0.000000, 0.000000, 0.000000, 0.000000, 260.000000
46.831356, 25.000000, 25.000000, 0.000000, 0.000000, 0.000000, 0.000000, 0.000000, 0.000000, 270.000000
48.056274, 25.000000, 25.000000, 0.000000, 0.000000, 0.000000, 0.000000, 0.000000, 0.000000, 280.000000
49.245502, 25.000000, 25.000000, 0.000000, 0.000000, 0.000000, 0.000000, 0.000000, 0.000000, 290.000000
50.403244, 25.000000, 25.000000, 0.000000, 0.000000, 0.000000, 0.000000, 0.000000, 0.000000, 300.000000
51.533569, 25.000000, 25.000000, 0.000000, 0.000000, 0.000000, 0.000000, 0.000000, 0.000000, 310.000000
52.640598, 25.000000, 25.000000, 0.000000, 0.000000, 0.000000, 0.000000, 0.000000, 0.000000, 320.000000
53.728561, 25.000000, 25.000000, 0.000000, 0.000000, 0.000000, 0.000000, 0.000000, 0.000000, 330.000000
54.801613, 25.000000, 25.000000, 0.000000, 0.000000, 0.000000, 0.000000, 0.000000, 0.000000, 340.000000
55.863602, 25.000000, 25.000000, 0.000000, 0.000000, 0.000000, 0.000000, 0.000000, 0.000000, 350.000000
56.917805, 25.000000, 25.000000, 0.000000, 0.000000, 0.000000, 0.000000, 0.000000, 0.000000, 360.000000
57.966724, 25.000000, 25.000000, 0.000000, 0.000000, 0.000000, 0.000000, 0.000000, 0.000000, 370.000000
59.011951, 25.000000, 25.000000, 0.000000, 0.000000, 0.000000, 0.000000, 0.000000, 0.000000, 380.000000
60.054222, 25.000000, 25.000000, 0.000000, 0.000000, 0.000000, 0.000000, 0.000000, 0.000000, 390.000000
61.093742, 25.000000, 25.000000, 0.000000, 0.000000, 0.000000, 0.000000, 0.000000, 0.000000, 400.000000
62.130692, 25.000000, 25.000000, 0.000000, 0.000000, 0.000000, 0.000000, 0.000000, 0.000000, 410.000000
63.165485, 25.000000, 25.000000, 0.000000, 0.000000, 0.000000, 0.000000, 0.000000, 0.000000, 420.000000
64.198654, 25.000000, 25.000000, 0.000000, 0.000000, 0.000000, 0.000000, 0.000000, 0.000000, 430.000000
65.230927, 25.000000, 25.000000, 0.000000, 0.000000, 0.000000, 0.000000, 0.000000, 0.000000, 440.000000
66.263084, 25.000000, 25.000000, 0.000000, 0.000000, 0.000000, 0.000000, 0.000000, 0.000000, 450.000000
67.295692, 25.000000, 25.000000, 0.000000, 0.000000, 0.000000, 0.000000, 0.000000, 0.000000, 460.000000
68.329239, 25.000000, 25.000000, 0.000000, 0.000000, 0.000000, 0.000000, 0.000000, 0.000000, 470.000000
69.364044, 25.000000, 25.000000, 0.000000, 0.000000, 0.000000, 0.000000, 0.000000, 0.000000, 480.000000
70.400406, 25.000000, 25.000000, 0.000000, 0.000000, 0.000000, 0.000000, 0.000000, 0.000000, 490.000000
71.438690, 25.000000, 25.000000, 0.000000, 0.000000, 0.000000, 0.000000, 0.000000, 0.000000, 500.000000
72.479355, 25.000000, 25.000000, 0.000000, 0.000000, 0.000000, 0.000000, 0.000000, 0.000000, 510.000000
73.522934, 25.000000, 25.000000, 0.000000, 0.000000, 0.000000, 0.000000, 0.000000, 0.000000, 520.000000
74.569984, 25.000000, 25.000000, 0.000000, 0.000000, 0.000000, 0.000000, 0.000000, 0.000000, 530.000000
75.621048, 25.000000, 25.000000, 0.000000, 0.000000, 0.000000, 0.000000, 0.000000, 0.000000, 540.000000
76.676590, 25.000000, 25.000000, 0.000000, 0.000000, 0.000000, 0.000000, 0.000000, 0.000000, 550.000000
77.737007, 25.000000, 25.000000, 0.000000, 0.000000, 0.000000, 0.000000, 0.000000, 0.000000, 560.000000
78.802628, 25.000000, 25.000000, 0.000000, 0.000000, 0.000000, 0.000000, 0.000000, 0.000000, 570.000000
79.873863, 25.000000, 25.000000, 0.000000, 0.000000, 0.000000, 0.000000, 0.000000, 0.000000, 580.000000
80.951294, 25.000000, 25.000000, 0.000000, 0.000000, 0.000000, 0.000000, 0.000000, 0.000000, 590.000000
82.035713, 25.000000, 25.000000, 0.000000, 0.000000, 0.000000, 0.000000, 0.000000, 0.000000, 600.000000
83.128143, 25.000000, 25.000000, 0.000000, 0.000000, 0.000000, 0.000000, 0.000000, 0.000000, 610.000000
84.229950, 25.000000, 25.000000, 0.000000, 0.000000, 0.000000, 0.000000, 0.000000, 0.000000, 620.000000
85.343384, 25.000000, 25.000000, 0.000000, 0.000000, 0.000000, 0.000000, 0.000000, 0.000000, 630.000000
86.471924, 25.000000, 25.000000, 0.000000, 0.000000, 0.000000, 0.000000, 0.000000, 0.000000, 640.000000
87.619934, 25.000000, 25.000000, 0.000000, 0.000000, 0.000000, 0.000000, 0.000000, 0.000000, 650.000000
88.791748, 25.000000, 25.000000, 0.000000, 0.000000, 0.000000, 0.000000, 0.000000, 0.000000, 660.000000
89.991051, 25.000000, 25.000000, 0.000000, 0.000000, 0.000000, 0.000000, 0.000000, 0.000000, 670.000000
91.220573, 25.000000, 25.000000, 0.000000, 0.000000, 0.000000, 0.000000, 0.000000, 0.000000, 680.000000
92.482063, 25.000000, 25.000000, 0.000000, 0.000000, 0.000000, 0.000000, 0.000000, 0.000000, 690.000000
93.776413, 25.000000, 25.000000, 0.000000, 0.000000, 0.000000, 0.000000, 0.000000, 0.000000, 700.000000
95.103828, 25.000000, 25.000000, 0.000000, 0.000000, 0.000000, 0.000000, 0.000000, 0.000000, 710.000000
96.464027, 25.415291, 25.000000, 0.000000, 0.000000, 0.000000, 0.000000, 0.000000, 0.000000, 720.000000
97.799980, 25.852869, 25.004627, 0.000000, 0.000000, 0.000000, 0.000000, 0.000000, 0.000000, 730.000000
99.062233, 25.836300, 25.014061, 0.000000, 0.000000, 0.000000, 0.000000, 0.000000, 0.000000, 740.000000
100.302055, 25.820238, 25.023172, 0.000000, 0.000000, 0.000000, 0.000000, 0.000000, 0.000000, 750.000000
101.560722, 25.804668, 25.031969, 0.000000, 0.000000, 0.000000, 0.000000, 0.000000, 0.000000, 760.000000
102.831581, 25.789574, 25.040462, 0.000000, 0.000000, 0.000000, 0.000000, 0.000000, 0.000000, 770.000000
104.109352, 25.774940, 25.048662, 0.000000, 0.000000, 0.000000, 0.000000, 0.000000, 0.000000, 780.000000
105.391373, 25.760754, 25.056578, 0.000000, 0.000000, 0.000000, 0.000000, 0.000000, 0.000000, 790.000000
106.677322, 25.746998, 25.064219, 0.000000, 0.000000, 0.000000, 0.000000, 0.000000, 0.000000, 800.000000
107.968552, 25.733660, 25.071594, 0.000000, 0.000000, 0.000000, 0.000000, 0.000000, 0.000000, 810.000000
109.266785, 25.720726, 25.078711, 0.000000, 0.000000, 0.000000, 0.000000, 0.000000, 0.000000, 820.000000
110.572716, 25.708185, 25.085579, 0.000000, 0.000000, 0.000000, 0.000000, 0.000000, 0.000000, 830.000000
111.885071, 25.696024, 25.092205, 0.000000, 0.000000, 0.000000, 0.000000, 0.000000, 0.000000, 840.000000
113.200974, 25.684229, 25.098598, 0.000000, 0.000000, 0.000000, 0.000000, 0.000000, 0.000000, 850.000000
114.517799, 25.672789, 25.104767, 0.000000, 0.000000, 0.000000, 0.000000, 0.000000, 0.000000, 860.000000
115.834007, 25.661694, 25.110716, 0.000000, 0.000000, 0.000000, 0.000000, 0.000000, 0.000000, 870.000000
117.148956, 25.650930, 25.116453, 0.000000, 0.000000, 0.000000, 0.000000, 0.000000, 0.000000, 880.000000
118.462013, 25.640490, 25.121986, 0.000000, 0.000000, 0.000000, 0.000000, 0.000000, 0.000000, 890.000000
119.772171, 25.630362, 25.127321, 0.000000, 0.000000, 0.000000, 0.000000, 0.000000, 0.000000, 900.000000
121.077805, 25.620535, 25.132465, 0.000000, 0.000000, 0.000000, 0.000000, 0.000000, 0.000000, 910.000000
122.377144, 25.611000, 25.137423, 0.000000, 0.000000, 0.000000, 0.000000, 0.000000, 0.000000, 920.000000
123.668579, 25.601749, 25.142200, 0.000000, 0.000000, 0.000000, 0.000000, 0.000000, 0.000000, 930.000000
124.951019, 25.592772, 25.146805, 0.000000, 0.000000, 0.000000, 0.000000, 0.000000, 0.000000, 940.000000
126.223938, 25.584061, 25.151241, 0.000000, 0.000000, 0.000000, 0.000000, 0.000000, 0.000000, 950.000000
127.487289, 25.575605, 25.155516, 0.000000, 0.000000, 0.000000, 0.000000, 0.000000, 0.000000, 960.000000
128.741348, 25.567400, 25.159632, 0.000000, 0.000000, 0.000000, 0.000000, 0.000000, 0.000000, 970.000000
129.986572, 25.559435, 25.163597, 0.000000, 0.000000, 0.000000, 0.000000, 0.000000, 0.000000, 980.000000
131.223495, 25.551702, 25.167414, 0.000000, 0.000000, 0.000000, 0.000000, 0.000000, 0.000000, 990.000000
132.452698, 25.544195, 25.171089, 0.000000, 0.000000, 0.000000, 0.000000, 0.000000, 0.000000, 1000.000000
133.674759, 25.536907, 25.174625, 0.000000, 0.000000, 0.000000, 0.000000, 0.000000, 0.000000, 1010.000000
134.890320, 25.529831, 25.178028, 0.000000, 0.000000, 0.000000, 0.000000, 0.000000, 0.000000, 1020.000000
136.099976, 25.522959, 25.181303, 0.000000, 0.000000, 0.000000, 0.000000, 0.000000, 0.000000, 1030.000000
137.304367, 25.516285, 25.184452, 0.000000, 0.000000, 0.000000, 0.000000, 0.000000, 0.000000, 1040.000000
138.503998, 25.509804, 25.187481, 0.000000, 0.000000, 0.000000, 0.000000, 0.000000, 0.000000, 1050.000000
139.699265, 25.503508, 25.190392, 0.000000, 0.000000, 0.000000, 0.000000, 0.000000, 0.000000, 1060.000000
140.890472, 25.497391, 25.193190, 0.000000, 0.000000, 0.000000, 0.000000, 0.000000, 0.000000, 1070.000000
142.077774, 25.491447, 25.195879, 0.000000, 0.000000, 0.000000, 0.000000, 0.000000, 0.000000, 1080.000000
143.261337, 25.485674, 25.198462, 0.000000, 0.000000, 0.000000, 0.000000, 0.000000, 0.000000, 1090.000000
144.441284, 25.480062, 25.200941, 0.000000, 0.000000, 0.000000, 0.000000, 0.000000, 0.000000, 1100.000000
145.617615, 25.474609, 25.203323, 0.000000, 0.000000, 0.000000, 0.000000, 0.000000, 0.000000, 1110.000000
146.790375, 25.469311, 25.205608, 0.000000, 0.000000, 0.000000, 0.000000, 0.000000, 0.000000, 1120.000000
147.959412, 25.464159, 25.207802, 0.000000, 0.000000, 0.000000, 0.000000, 0.000000, 0.000000, 1130.000000
149.124496, 25.459150, 25.209904, 0.000000, 0.000000, 0.000000, 0.000000, 0.000000, 0.000000, 1140.000000
150.285339, 25.454281, 25.211920, 0.000000, 0.000000, 0.000000, 0.000000, 0.000000, 0.000000, 1150.000000
151.441650, 25.449547, 25.213852, 0.000000, 0.000000, 0.000000, 0.000000, 0.000000, 0.000000, 1160.000000
152.593185, 25.444942, 25.215702, 0.000000, 0.000000, 0.000000, 0.000000, 0.000000, 0.000000, 1170.000000
153.739838, 25.440464, 25.217474, 0.000000, 0.000000, 0.000000, 0.000000, 0.000000, 0.000000, 1180.000000
154.881729, 25.436108, 25.219170, 0.000000, 0.000000, 0.000000, 0.000000, 0.000000, 0.000000, 1190.000000
156.019623, 25.431870, 25.220793, 0.000000, 0.000000, 0.000000, 0.000000, 0.000000, 0.000000, 1200.000000
157.155701, 25.427746, 25.222343, 0.000000, 0.000000, 0.000000, 0.000000, 0.000000, 0.000000, 1210.000000
158.294418, 25.423733, 25.223825, 0.000000, 0.000000, 0.000000, 0.000000, 0.000000, 0.000000, 1220.000000
159.442734, 25.419828, 25.225241, 0.000000, 0.000000, 0.000000, 0.000000, 0.000000, 0.000000, 1230.000000
160.610336, 25.416027, 25.226591, 0.000000, 0.000000, 0.000000, 0.000000, 0.000000, 0.000000, 1240.000000
161.809525, 25.412327, 25.227880, 0.000000, 0.000000, 0.000000, 0.000000, 0.000000, 0.000000, 1250.000000
163.055695, 25.408724, 25.229109, 0.000000, 0.000000, 0.000000, 0.000000, 0.000000, 0.000000, 1260.000000
164.368637, 25.405214, 25.230280, 0.000000, 0.000000, 0.000000, 0.000000, 0.000000, 0.000000, 1270.000000
165.775375, 25.923391, 25.231394, 0.000000, 0.000000, 0.000000, 0.000000, 0.000000, 0.000000, 1280.000000
167.220642, 26.445679, 25.238266, 0.000000, 0.000000, 0.000000, 0.000000, 0.000000, 0.000000, 1290.000000
168.635147, 26.969538, 25.250854, 0.000000, 0.000000, 0.000000, 0.000000, 0.000000, 0.000000, 1300.000000
170.030701, 27.492891, 25.269094, 0.000000, 0.000000, 0.000000, 0.000000, 0.000000, 0.000000, 1310.000000
171.416245, 28.014055, 25.292896, 0.000000, 0.000000, 0.000000, 0.000000, 0.000000, 0.000000, 1320.000000
171.416245, 28.531668, 25.322153, 0.000000, 0.000000, 0.000000, 0.000000, 0.000000, 0.000000, 1330.000000
172.800980, 29.044739, 25.356747, 0.000000, 0.000000, 0.000000, 0.000000, 0.000000, 0.000000, 1340.000000
174.191589, 29.552736, 25.396545, 0.000000, 0.000000, 0.000000, 0.000000, 0.000000, 0.000000, 1350.000000
175.589828, 30.055571, 25.441416, 0.000000, 0.000000, 0.000000, 0.000000, 0.000000, 0.000000, 1360.000000
176.995865, 30.553520, 25.491226, 0.000000, 0.000000, 0.000000, 0.000000, 0.000000, 0.000000, 1370.000000
178.408585, 31.047098, 25.545851, 0.000000, 0.000000, 0.000000, 0.000000, 0.000000, 0.000000, 1380.000000
179.826187, 31.536947, 25.605167, 0.000000, 0.000000, 0.000000, 0.000000, 0.000000, 0.000000, 1390.000000
181.245636, 32.024128, 25.669065, 0.000000, 0.000000, 0.000000, 0.000000, 0.000000, 0.000000, 1400.000000
182.661362, 31.899986, 25.737450, 0.000000, 0.000000, 0.000000, 0.000000, 0.000000, 0.000000, 1410.000000
184.151474, 31.779606, 25.803440, 0.000000, 0.000000, 0.000000, 0.000000, 0.000000, 0.000000, 1420.000000
185.823608, 31.662865, 25.867115, 0.000000, 0.000000, 0.000000, 0.000000, 0.000000, 0.000000, 1430.000000
187.713470, 31.549648, 25.928549, 0.000000, 0.000000, 0.000000, 0.000000, 0.000000, 0.000000, 1440.000000
189.847488, 31.439844, 25.987814, 0.000000, 0.000000, 0.000000, 0.000000, 0.000000, 0.000000, 1450.000000
192.216888, 31.333342, 26.044979, 0.000000, 0.000000, 0.000000, 0.000000, 0.000000, 0.000000, 1460.000000
194.743958, 31.230038, 26.100113, 0.000000, 0.000000, 0.000000, 0.000000, 0.000000, 0.000000, 1470.000000
197.284363, 31.129827, 26.153282, 0.000000, 0.000000, 0.000000, 0.000000, 0.000000, 0.000000, 1480.000000
199.693741, 31.032614, 26.204550, 0.000000, 0.000000, 0.000000, 0.000000, 0.000000, 0.000000, 1490.000000
201.896942, 30.938301, 26.253977, 0.000000, 0.000000, 0.000000, 0.000000, 0.000000, 0.000000, 1500.000000
203.891327, 30.846796, 26.301622, 0.000000, 0.000000, 0.000000, 0.000000, 0.000000, 0.000000, 1510.000000
205.709778, 30.758009, 26.347546, 0.000000, 0.000000, 0.000000, 0.000000, 0.000000, 0.000000, 1520.000000
207.392624, 30.671854, 26.391802, 0.000000, 0.000000, 0.000000, 0.000000, 0.000000, 0.000000, 1530.000000
208.976563, 30.588245, 26.434444, 0.000000, 0.000000, 0.000000, 0.000000, 0.000000, 0.000000, 1540.000000
210.492035, 30.507103, 26.475525, 0.000000, 0.000000, 0.000000, 0.000000, 0.000000, 0.000000, 1550.000000
211.963486, 30.428349, 26.515095, 0.000000, 0.000000, 0.000000, 0.000000, 0.000000, 0.000000, 1560.000000
213.409683, 30.351906, 26.553204, 0.000000, 0.000000, 0.000000, 0.000000, 0.000000, 0.000000, 1570.000000
214.844116, 30.277700, 26.589897, 0.000000, 0.000000, 0.000000, 0.000000, 0.000000, 0.000000, 1580.000000
216.275879, 30.205662, 26.625221, 0.000000, 0.000000, 0.000000, 0.000000, 0.000000, 0.000000, 1590.000000
217.710571, 30.135721, 26.659222, 0.000000, 0.000000, 0.000000, 0.000000, 0.000000, 0.000000, 1600.000000
219.151306, 30.067810, 26.691940, 0.000000, 0.000000, 0.000000, 0.000000, 0.000000, 0.000000, 1610.000000
220.600220, 30.001865, 26.723419, 0.000000, 0.000000, 0.000000, 0.000000, 0.000000, 0.000000, 1620.000000
222.060425, 29.937822, 26.753698, 0.000000, 0.000000, 0.000000, 0.000000, 0.000000, 0.000000, 1630.000000
223.535461, 29.875622, 26.782818, 0.000000, 0.000000, 0.000000, 0.000000, 0.000000, 0.000000, 1640.000000
225.022903, 29.815207, 26.810814, 0.000000, 0.000000, 0.000000, 0.000000, 0.000000, 0.000000, 1650.000000
