Time(s), Twind(°C), TMotCase(°C), Flat_i(N), Flat_o(N), Flat_r(N), Frad_i(N), Frad_o(N), Frad_r(N)
0.000000, 25.000000, 25.000000, 0.000000, 0.000000, 0.000000, 0.000000, 0.000000, 0.000000, 0.000000
1.579210, 25.000000, 25.000000, 0.000000, 0.000000, 0.000000, 0.000000, 0.000000, 0.000000, 10.000000
3.192888, 25.000000, 25.000000, 0.000000, 0.000000, 0.000000, 0.000000, 0.000000, 0.000000, 20.000000
4.842292, 25.000000, 25.000000, 0.000000, 0.000000, 0.000000, 0.000000, 0.000000, 0.000000, 30.000000
6.528512, 25.000000, 25.000000, 0.000000, 0.000000, 0.000000, 0.000000, 0.000000, 0.000000, 40.000000
8.252689, 25.000000, 25.000000, 0.000000, 0.000000, 0.000000, 0.000000, 0.000000, 0.000000, 50.000000
10.016304, 25.000000, 25.000000, 0.000000, 0.000000, 0.000000, 0.000000, 0.000000, 0.000000, 60.000000
11.821490, 25.000000, 25.000000, 0.000000, 0.000000, 0.000000, 0.000000, 0.000000, 0.000000, 70.000000
13.671298, 25.000000, 25.000000, 0.000000, 0.000000, 0.000000, 0.000000, 0.000000, 0.000000, 80.000000
15.569669, 25.000000, 25.000000, 0.000000, 0.000000, 0.000000, 0.000000, 0.000000, 0.000000, 90.000000
17.519423, 25.000000, 25.000000, 0.000000, 0.000000, 0.000000, 0.000000, 0.000000, 0.000000, 100.000000
19.518250, 25.000000, 25.000000, 0.000000, 0.000000, 0.000000, 0.000000, 0.000000, 0.000000, 110.000000
21.556004, 25.000000, 25.000000, 0.000000, 0.000000, 0.000000, 0.000000, 0.000000, 0.000000, 120.000000
23.614870, 25.000000, 25.000000, 0.000000, 0.000000, 0.000000, 0.000000, 0.000000, 0.000000, 130.000000
25.670876, 25.000000, 25.000000, 0.000000, 0.000000, 0.000000, 0.000000, 0.000000, 0.000000, 140.000000
27.698019, 25.000000, 25.000000, 0.000000, 0.000000, 0.000000, 0.000000, 0.000000, 0.000000, 150.000000
29.674158, 25.000000, 25.000000, 0.000000, 0.000000, 0.000000, 0.000000, 0.000000, 0.000000, 160.000000
31.583858, 25.000000, 25.000000, 0.000000, 0.000000, 0.000000, 0.000000, 0.000000, 0.000000, 170.000000
33.418716, 25.000000, 25.000000, 0.000000, 0.000000, 0.000000, 0.000000, 0.000000, 0.000000, 180.000000
35.176151, 25.000000, 25.000000, 0.000000, 0.000000, 0.000000, 0.000000, 0.000000, 0.000000, 190.000000
36.857468, 25.000000, 25.000000, 0.000000, 0.000000, 0.000000, 0.000000, 0.000000, 0.000000, 200.000000
38.465916, 25.000000, 25.000000, 0.000000, 0.000000, 0.000000, 0.000000, 0.000000, 0.000000, 210.000000
40.005478, 25.000000, 25.000000, 0.000000, 0.000000, 0.000000, 0.000000, 0.000000, 0.000000, 220.000000
41.480526, 25.000000, 25.000000, 0.000000, 0.000000, 0.000000, 0.000000, 0.000000, 0.000000, 230.000000
42.895752, 25.000000, 25.000000, 0.000000, 0.000000, 0.000000, 0.000000, 0.000000, 0.000000, 240.000000
44.256008, 25.000000, 25.000000, 0.000000, 0.000000, 0.000000, 0.000000, 0.000000, 0.000000, 250.000000
45.566219, 25.000000, 25.000000, 0.000000, 0.000000, 0.000000, 0.000000, 0.000000, 0.000000, 260.000000
46.831356, 25.000000, 25.000000, 0.000000, 0.000000, 0.000000, 0.000000, 0.000000, 0.000000, 270.000000
48.056274, 25.000000, 25.000000, 0.000000, 0.000000, 0.000000, 0.000000, 0.000000, 0.000000, 280.000000
49.245502, 25.000000, 25.000000, 0.000000, 0.000000, 0.000000, 0.000000, 0.000000, 0.000000, 290.000000
50.403244, 25.000000, 25.000000, 0.000000, 0.000000, 0.000000, 0.000000, 0.000000, 0.000000, 300.000000
51.533569, 25.000000, 25.000000, 0.000000, 0.000000, 0.000000, 0.000000, 0.000000, 0.000000, 310.000000
52.640598, 25.000000, 25.000000, 0.000000, 0.000000, 0.000000, 0.000000, 0.000000, 0.000000, 320.000000
53.728561, 25.000000, 25.000000, 0.000000, 0.000000, 0.000000, 0.000000, 0.000000, 0.000000, 330.000000
54.801613, 25.000000, 25.000000, 0.000000, 0.000000, 0.000000, 0.000000, 0.000000, 0.000000, 340.000000
55.863602, 25.000000, 25.000000, 0.000000, 0.000000, 0.000000, 0.000000, 0.000000, 0.000000, 350.000000
56.917805, 25.000000, 25.000000, 0.000000, 0.000000, 0.000000, 0.000000, 0.000000, 0.000000, 360.000000
57.966724, 25.000000, 25.000000, 0.000000, 0.000000, 0.000000, 0.000000, 0.000000, 0.000000, 370.000000
59.011951, 25.000000, 25.000000, 0.000000, 0.000000, 0.000000, 0.000000, 0.000000, 0.000000, 380.000000
60.054222, 25.000000, 25.000000, 0.000000, 0.000000, 0.000000, 0.000000, 0.000000, 0.000000, 390.000000
61.093742, 25.000000, 25.000000, 0.000000, 0.000000, 0.000000, 0.000000, 0.000000, 0.000000, 400.000000
62.130692, 25.000000, 25.000000, 0.000000, 0.000000, 0.000000, 0.000000, 0.000000, 0.000000, 410.000000
63.165485, 25.000000, 25.000000, 0.000000, 0.000000, 0.000000, 0.000000, 0.000000, 0.000000, 420.000000
64.198654, 25.000000, 25.000000, 0.000000, 0.000000, 0.000000, 0.000000, 0.000000, 0.000000, 430.000000
65.230927, 25.000000, 25.000000, 0.000000, 0.000000, 0.000000, 0.000000, 0.000000, 0.000000, 440.000000
66.263084, 25.000000, 25.000000, 0.000000, 0.000000, 0.000000, 0.000000, 0.000000, 0.000000, 450.000000
67.295692, 25.000000, 25.000000, 0.000000, 0.000000, 0.000000, 0.000000, 0.000000, 0.000000, 460.000000
68.329239, 25.000000, 25.000000, 0.000000, 0.000000, 0.000000, 0.000000, 0.000000, 0.000000, 470.000000
69.364044, 25.000000, 25.000000, 0.000000, 0.000000, 0.000000, 0.000000, 0.000000, 0.000000, 480.000000
70.400406, 25.000000, 25.000000, 0.000000, 0.000000, 0.000000, 0.000000, 0.000000, 0.000000, 490.000000
71.438690, 25.000000, 25.000000, 0.000000, 0.000000, 0.000000, 0.000000, 0.000000, 0.000000, 500.000000
72.479355, 25.000000, 25.000000, 0.000000, 0.000000, 0.000000, 0.000000, 0.000000, 0.000000, 510.000000
73.522934, 25.000000, 25.000000, 0.000000, 0.000000, 0.000000, 0.000000, 0.000000, 0.000000, 520.000000
74.569984, 25.000000, 25.000000, 0.000000, 0.000000, 0.000000, 0.000000, 0.000000, 0.000000, 530.000000
75.621048, 25.000000, 25.000000, 0.000000, 0.000000, 0.000000, 0.000000, 0.000000, 0.000000, 540.000000
76.676590, 25.000000, 25.000000, 0.000000, 0.000000, 0.000000, 0.000000, 0.000000, 0.000000, 550.000000
77.737007, 25.000000, 25.000000, 0.000000, 0.000000, 0.000000, 0.000000, 0.000000, 0.000000, 560.000000
78.802628, 25.000000, 25.000000, 0.000000, 0.000000, 0.000000, 0.000000, 0.000000, 0.000000, 570.000000
79.873863, 25.000000, 25.000000, 0.000000, 0.000000, 0.000000, 0.000000, 0.000000, 0.000000, 580.000000
80.951294, 25.000000, 25.000000, 0.000000, 0.000000, 0.000000, 0.000000, 0.000000, 0.000000, 590.000000
82.035713, 25.000000, 25.000000, 0.000000, 0.000000, 0.000000, 0.000000, 0.000000, 0.000000, 600.000000
83.128143, 25.000000, 25.000000, 0.000000, 0.000000, 0.000000, 0.000000, 0.000000, 0.000000, 610.000000
84.229950, 25.000000, 25.000000, 0.000000, 0.000000, 0.000000, 0.000000, 0.000000, 0.000000, 620.000000
85.343384, 25.000000, 25.000000, 0.000000, 0.000000, 0.000000, 0.000000, 0.000000, 0.000000, 630.000000
86.471924, 25.000000, 25.000000, 0.000000, 0.000000, 0.000000, 0.000000, 0.000000, 0.000000, 640.000000
87.619934, 25.000000, 25.000000, 0.000000, 0.000000, 0.000000, 0.000000, 0.000000, 0.000000, 650.000000
88.791748, 25.000000, 25.000000, 0.000000, 0.000000, 0.000000, 0.000000, 0.000000, 0.000000, 660.000000
89.991051, 25.000000, 25.000000, 0.000000, 0.000000, 0.000000, 0.000000, 0.000000, 0.000000, 670.000000
91.220573, 25.000000, 25.000000, 0.000000, 0.000000, 0.000000, 0.000000, 0.000000, 0.000000, 680.000000
92.482063, 25.474243, 25.000000, 0.000000, 0.000000, 0.000000, 0.000000, 0.000000, 0.000000, 690.000000
93.728409, 25.464348, 25.005644, 0.000000, 0.000000, 0.000000, 0.000000, 0.000000, 0.000000, 700.000000
94.960197, 25.454777, 25.011082, 0.000000, 0.000000, 0.000000, 0.000000, 0.000000, 0.000000, 710.000000
96.223450, 25.445518, 25.016319, 0.000000, 0.000000, 0.000000, 0.000000, 0.000000, 0.000000, 720.000000
97.517715, 25.436562, 25.021364, 0.000000, 0.000000, 0.000000, 0.000000, 0.000000, 0.000000, 730.000000
98.841133, 25.427896, 25.026224, 0.000000, 0.000000, 0.000000, 0.000000, 0.000000, 0.000000, 740.000000
100.189308, 25.419514, 25.030903, 0.000000, 0.000000, 0.000000, 0.000000, 0.000000, 0.000000, 750.000000
101.555557, 25.411404, 25.035408, 0.000000, 0.000000, 0.000000, 0.000000, 0.000000, 0.000000, 760.000000
102.932503, 25.403557, 25.039745, 0.000000, 0.000000, 0.000000, 0.000000, 0.000000, 0.000000, 770.000000
104.314262, 25.395966, 25.043922, 0.000000, 0.000000, 0.000000, 0.000000, 0.000000, 0.000000, 780.000000
105.697540, 25.388618, 25.047943, 0.000000, 0.000000, 0.000000, 0.000000, 0.000000, 0.000000, 790.000000
107.081993, 25.381510, 25.051813, 0.000000, 0.000000, 0.000000, 0.000000, 0.000000, 0.000000, 800.000000
108.468834, 25.374630, 25.055536, 0.000000, 0.000000, 0.000000, 0.000000, 0.000000, 0.000000, 810.000000
109.859932, 25.367971, 25.059118, 0.000000, 0.000000, 0.000000, 0.000000, 0.000000, 0.000000, 820.000000
111.256058, 25.361526, 25.062565, 0.000000, 0.000000, 0.000000, 0.000000, 0.000000, 0.000000, 830.000000
112.655968, 25.355288, 25.065882, 0.000000, 0.000000, 0.000000, 0.000000, 0.000000, 0.000000, 840.000000
114.056870, 25.349249, 25.069071, 0.000000, 0.000000, 0.000000, 0.000000, 0.000000, 0.000000, 850.000000
115.456360, 25.343403, 25.072138, 0.000000, 0.000000, 0.000000, 0.000000, 0.000000, 0.000000, 860.000000
116.853195, 25.337742, 25.075087, 0.000000, 0.000000, 0.000000, 0.000000, 0.000000, 0.000000, 870.000000
118.247162, 25.332260, 25.077923, 0.000000, 0.000000, 0.000000, 0.000000, 0.000000, 0.000000, 880.000000
119.637764, 25.326952, 25.080648, 0.000000, 0.000000, 0.000000, 0.000000, 0.000000, 0.000000, 890.000000
121.023972, 25.321812, 25.083267, 0.000000, 0.000000, 0.000000, 0.000000, 0.000000, 0.000000, 900.000000
122.404045, 25.316833, 25.085785, 0.000000, 0.000000, 0.000000, 0.000000, 0.000000, 0.000000, 910.000000
123.775940, 25.312012, 25.088203, 0.000000, 0.000000, 0.000000, 0.000000, 0.000000, 0.000000, 920.000000
125.137848, 25.307341, 25.090527, 0.000000, 0.000000, 0.000000, 0.000000, 0.000000, 0.000000, 930.000000
126.488556, 25.302816, 25.092756, 0.000000, 0.000000, 0.000000, 0.000000, 0.000000, 0.000000, 940.000000
127.827530, 25.298433, 25.094896, 0.000000, 0.000000, 0.000000, 0.000000, 0.000000, 0.000000, 950.000000
129.154785, 25.294186, 25.096951, 0.000000, 0.000000, 0.000000, 0.000000, 0.000000, 0.000000, 960.000000
130.470718, 25.290070, 25.098923, 0.000000, 0.000000, 0.000000, 0.000000, 0.000000, 0.000000, 970.000000
131.775909, 25.286081, 25.100815, 0.000000, 0.000000, 0.000000, 0.000000, 0.000000, 0.000000, 980.000000
133.071014, 25.282215, 25.102629, 0.000000, 0.000000, 0.000000, 0.000000, 0.000000, 0.000000, 990.000000
134.356720, 25.278467, 25.104368, 0.000000, 0.000000, 0.000000, 0.000000, 0.000000, 0.000000, 1000.000000
135.633789, 25.274834, 25.106035, 0.000000, 0.000000, 0.000000, 0.000000, 0.000000, 0.000000, 1010.000000
136.902954, 25.271311, 25.107634, 0.000000, 0.000000, 0.000000, 0.000000, 0.000000, 0.000000, 1020.000000
138.164963, 25.267895, 25.109165, 0.000000, 0.000000, 0.000000, 0.000000, 0.000000, 0.000000, 1030.000000
139.420517, 25.264582, 25.110632, 0.000000, 0.000000, 0.000000, 0.000000, 0.000000, 0.000000, 1040.000000
140.670242, 25.261370, 25.112036, 0.000000, 0.000000, 0.000000, 0.000000, 0.000000, 0.000000, 1050.000000
141.914597, 25.258253, 25.113379, 0.000000, 0.000000, 0.000000, 0.000000, 0.000000, 0.000000, 1060.000000
143.153931, 25.255230, 25.114664, 0.000000, 0.000000, 0.000000, 0.000000, 0.000000, 0.000000, 1070.000000
144.388458, 25.252296, 25.115892, 0.000000, 0.000000, 0.000000, 0.000000, 0.000000, 0.000000, 1080.000000
145.618317, 25.249451, 25.117067, 0.000000, 0.000000, 0.000000, 0.000000, 0.000000, 0.000000, 1090.000000
146.843643, 25.246689, 25.118189, 0.000000, 0.000000, 0.000000, 0.000000, 0.000000, 0.000000, 1100.000000
148.064545, 25.244007, 25.119261, 0.000000, 0.000000, 0.000000, 0.000000, 0.000000, 0.000000, 1110.000000
149.280960, 25.241404, 25.120283, 0.000000, 0.000000, 0.000000, 0.000000, 0.000000, 0.000000, 1120.000000
150.492752, 25.238876, 25.121260, 0.000000, 0.000000, 0.000000, 0.000000, 0.000000, 0.000000, 1130.000000
151.699661, 25.236422, 25.122190, 0.000000, 0.000000, 0.000000, 0.000000, 0.000000, 0.000000, 1140.000000
152.901367, 25.234037, 25.123077, 0.000000, 0.000000, 0.000000, 0.000000, 0.000000, 0.000000, 1150.000000
154.097534, 25.231722, 25.123920, 0.000000, 0.000000, 0.000000, 0.000000, 0.000000, 0.000000, 1160.000000
155.287903, 25.229473, 25.124723, 0.000000, 0.000000, 0.000000, 0.000000, 0.000000, 0.000000, 1170.000000
156.472412, 25.227287, 25.125486, 0.000000, 0.000000, 0.000000, 0.000000, 0.000000, 0.000000, 1180.000000
157.651154, 25.225163, 25.126211, 0.000000, 0.000000, 0.000000, 0.000000, 0.000000, 0.000000, 1190.000000
158.824966, 25.223097, 25.126900, 0.000000, 0.000000, 0.000000, 0.000000, 0.000000, 0.000000, 1200.000000
159.996323, 25.221090, 25.127554, 0.000000, 0.000000, 0.000000, 0.000000, 0.000000, 0.000000, 1210.000000
161.170044, 25.219139, 25.128174, 0.000000, 0.000000, 0.000000, 0.000000, 0.000000, 0.000000, 1220.000000
162.353775, 25.217241, 25.128759, 0.000000, 0.000000, 0.000000, 0.000000, 0.000000, 0.000000, 1230.000000
163.558136, 25.215395, 25.129314, 0.000000, 0.000000, 0.000000, 0.000000, 0.000000, 0.000000, 1240.000000
164.796707, 25.213598, 25.129839, 0.000000, 0.000000, 0.000000, 0.000000, 0.000000, 0.000000, 1250.000000
166.086685, 25.211851, 25.130333, 0.000000, 0.000000, 0.000000, 0.000000, 0.000000, 0.000000, 1260.000000
167.450546, 25.210150, 25.130798, 0.000000, 0.000000, 0.000000, 0.000000, 0.000000, 0.000000, 1270.000000
168.919754, 25.208494, 25.131237, 0.000000, 0.000000, 0.000000, 0.000000, 0.000000, 0.000000, 1280.000000
170.543289, 25.730207, 25.131649, 0.000000, 0.000000, 0.000000, 0.000000, 0.000000, 0.000000, 1290.000000
172.237350, 26.257467, 25.138264, 0.000000, 0.000000, 0.000000, 0.000000, 0.000000, 0.000000, 1300.000000
173.884018, 26.787436, 25.151049, 0.000000, 0.000000, 0.000000, 0.000000, 0.000000, 0.000000, 1310.000000
175.499725, 27.317877, 25.169941, 0.000000, 0.000000, 0.000000, 0.000000, 0.000000, 0.000000, 1320.000000
177.096283, 27.847040, 25.194849, 0.000000, 0.000000, 0.000000, 0.000000, 0.000000, 0.000000, 1330.000000
178.682144, 28.373676, 25.225662, 0.000000, 0.000000, 0.000000, 0.000000, 0.000000, 0.000000, 1340.000000
180.262680, 28.897146, 25.262259, 0.000000, 0.000000, 0.000000, 0.000000, 0.000000, 0.000000, 1350.000000
181.840317, 29.417385, 25.304508, 0.000000, 0.000000, 0.000000, 0.000000, 0.000000, 0.000000, 1360.000000
183.415070, 29.934786, 25.352283, 0.000000, 0.000000, 0.000000, 0.000000, 0.000000, 0.000000, 1370.000000
184.985138, 30.450041, 25.405462, 0.000000, 0.000000, 0.000000, 0.000000, 0.000000, 0.000000, 1380.000000
186.547836, 30.963993, 25.463936, 0.000000, 0.000000, 0.000000, 0.000000, 0.000000, 0.000000, 1390.000000
188.099182, 31.477985, 25.527603, 0.000000, 0.000000, 0.000000, 0.000000, 0.000000, 0.000000, 1400.000000
189.632172, 31.353815, 25.596384, 0.000000, 0.000000, 0.000000, 0.000000, 0.000000, 0.000000, 1410.000000
191.252823, 31.233671, 25.662603, 0.000000, 0.000000, 0.000000, 0.000000, 0.000000, 0.000000, 1420.000000
193.114578, 31.117416, 25.726347, 0.000000, 0.000000, 0.000000, 0.000000, 0.000000, 0.000000, 1430.000000
195.289917, 31.004919, 25.787701, 0.000000, 0.000000, 0.000000, 0.000000, 0.000000, 0.000000, 1440.000000
197.859543, 30.896049, 25.846748, 0.000000, 0.000000, 0.000000, 0.000000, 0.000000, 0.000000, 1450.000000
200.866364, 30.790684, 25.903568, 0.000000, 0.000000, 0.000000, 0.000000, 0.000000, 0.000000, 1460.000000
204.204514, 30.688702, 25.958239, 0.000000, 0.000000, 0.000000, 0.000000, 0.000000, 0.000000, 1470.000000
207.564163, 30.589989, 26.010832, 0.000000, 0.000000, 0.000000, 0.000000, 0.000000, 0.000000, 1480.000000
210.632126, 30.494432, 26.061420, 0.000000, 0.000000, 0.000000, 0.000000, 0.000000, 0.000000, 1490.000000
213.300858, 30.401926, 26.110073, 0.000000, 0.000000, 0.000000, 0.000000, 0.000000, 0.000000, 1500.000000
215.617203, 30.312366, 26.156857, 0.000000, 0.000000, 0.000000, 0.000000, 0.000000, 0.000000, 1510.000000
217.666489, 30.225651, 26.201838, 0.000000, 0.000000, 0.000000, 0.000000, 0.000000, 0.000000, 1520.000000
219.523956, 30.141684, 26.245075, 0.000000, 0.000000, 0.000000, 0.000000, 0.000000, 0.000000, 1530.000000
221.247192, 30.060371, 26.286633, 0.000000, 0.000000, 0.000000, 0.000000, 0.000000, 0.000000, 1540.000000
222.879013, 29.981623, 26.326567, 0.000000, 0.000000, 0.000000, 0.000000, 0.000000, 0.000000, 1550.000000
224.451355, 29.905352, 26.364933, 0.000000, 0.000000, 0.000000, 0.000000, 0.000000, 0.000000, 1560.000000
225.987762, 29.831472, 26.401787, 0.000000, 0.000000, 0.000000, 0.000000, 0.000000, 0.000000, 1570.000000
227.504852, 29.759903, 26.437180, 0.000000, 0.000000, 0.000000, 0.000000, 0.000000, 0.000000, 1580.000000
229.013916, 29.690565, 26.471161, 0.000000, 0.000000, 0.000000, 0.000000, 0.000000, 0.000000, 1590.000000
230.522339, 29.623384, 26.503782, 0.000000, 0.000000, 0.000000, 0.000000, 0.000000, 0.000000, 1600.000000
232.034302, 29.558287, 26.535088, 0.000000, 0.000000, 0.000000, 0.000000, 0.000000, 0.000000, 1610.000000
233.552933, 29.495199, 26.565125, 0.000000, 0.000000, 0.000000, 0.000000, 0.000000, 0.000000, 1620.000000
235.081985, 29.434055, 26.593937, 0.000000, 0.000000, 0.000000, 0.000000, 0.000000, 0.000000, 1630.000000
236.625671, 29.374788, 26.621567, 0.000000, 0.000000, 0.000000, 0.000000, 0.000000, 0.000000, 1640.000000
238.182220, 29.317335, 26.648056, 0.000000, 0.000000, 0.000000, 0.000000, 0.000000, 0.000000, 1650.000000
