Time(s), Twind(°C), TMotCase(°C), Flat_i(N), Flat_o(N), Flat_r(N), Frad_i(N), Frad_o(N), Frad_r(N)
0.000000, 25.000000, 25.000000, 0.000000, 0.000000, 0.000000, 0.000000, 0.000000, 0.000000, 0.000000
1.604739, 25.000000, 25.000000, 0.000000, 0.000000, 0.000000, 0.000000, 0.000000, 0.000000, 10.000000
3.245472, 25.000000, 25.000000, 0.000000, 0.000000, 0.000000, 0.000000, 0.000000, 0.000000, 20.000000
4.923580, 25.000000, 25.000000, 0.000000, 0.000000, 0.000000, 0.000000, 0.000000, 0.000000, 30.000000
6.640272, 25.000000, 25.000000, 0.000000, 0.000000, 0.000000, 0.000000, 0.000000, 0.000000, 40.000000
8.396809, 25.000000, 25.000000, 0.000000, 0.000000, 0.000000, 0.000000, 0.000000, 0.000000, 50.000000
10.194802, 25.000000, 25.000000, 0.000000, 0.000000, 0.000000, 0.000000, 0.000000, 0.000000, 60.000000
12.036533, 25.000000, 25.000000, 0.000000, 0.000000, 0.000000, 0.000000, 0.000000, 0.000000, 70.000000
13.925222, 25.000000, 25.000000, 0.000000, 0.000000, 0.000000, 0.000000, 0.000000, 0.000000, 80.000000
15.865032, 25.000000, 25.000000, 0.000000, 0.000000, 0.000000, 0.000000, 0.000000, 0.000000, 90.000000
17.858919, 25.000000, 25.000000, 0.000000, 0.000000, 0.000000, 0.000000, 0.000000, 0.000000, 100.000000
19.904373, 25.000000, 25.000000, 0.000000, 0.000000, 0.000000, 0.000000, 0.000000, 0.000000, 110.000000
21.990431, 25.000000, 25.000000, 0.000000, 0.000000, 0.000000, 0.000000, 0.000000, 0.000000, 120.000000
24.097902, 25.000000, 25.000000, 0.000000, 0.000000, 0.000000, 0.000000, 0.000000, 0.000000, 130.000000
26.201128, 25.000000, 25.000000, 0.000000, 0.000000, 0.000000, 0.000000, 0.000000, 0.000000, 140.000000
28.272545, 25.000000, 25.000000, 0.000000, 0.000000, 0.000000, 0.000000, 0.000000, 0.000000, 150.000000
30.288929, 25.000000, 25.000000, 0.000000, 0.000000, 0.000000, 0.000000, 0.000000, 0.000000, 160.000000
32.234367, 25.000000, 25.000000, 0.000000, 0.000000, 0.000000, 0.000000, 0.000000, 0.000000, 170.000000
34.100479, 25.000000, 25.000000, 0.000000, 0.000000, 0.000000, 0.000000, 0.000000, 0.000000, 180.000000
35.885021, 25.000000, 25.000000, 0.000000, 0.000000, 0.000000, 0.000000, 0.000000, 0.000000, 190.000000
37.589798, 25.000000, 25.000000, 0.000000, 0.000000, 0.000000, 0.000000, 0.000000, 0.000000, 200.000000
39.218555, 25.000000, 25.000000, 0.000000, 0.000000, 0.000000, 0.000000, 0.000000, 0.000000, 210.000000
40.775730, 25.000000, 25.000000, 0.000000, 0.000000, 0.000000, 0.000000, 0.000000, 0.000000, 220.000000
42.266094, 25.000000, 25.000000, 0.000000, 0.000000, 0.000000, 0.000000, 0.000000, 0.000000, 230.000000
43.694691, 25.000000, 25.000000, 0.000000, 0.000000, 0.000000, 0.000000, 0.000000, 0.000000, 240.000000
45.066669, 25.000000, 25.000000, 0.000000, 0.000000, 0.000000, 0.000000, 0.000000, 0.000000, 250.000000
46.387218, 25.000000, 25.000000, 0.000000, 0.000000, 0.000000, 0.000000, 0.000000, 0.000000, 260.000000
47.661533, 25.000000, 25.000000, 0.000000, 0.000000, 0.000000, 0.000000, 0.000000, 0.000000, 270.000000
48.894669, 25.000000, 25.000000, 0.000000, 0.000000, 0.000000, 0.000000, 0.000000, 0.000000, 280.000000
50.091312, 25.000000, 25.000000, 0.000000, 0.000000, 0.000000, 0.000000, 0.000000, 0.000000, 290.000000
51.255806, 25.000000, 25.000000, 0.000000, 0.000000, 0.000000, 0.000000, 0.000000, 0.000000, 300.000000
52.392334, 25.000000, 25.000000, 0.000000, 0.000000, 0.000000, 0.000000, 0.000000, 0.000000, 310.000000
53.505112, 25.000000, 25.000000, 0.000000, 0.000000, 0.000000, 0.000000, 0.000000, 0.000000, 320.000000
54.598427, 25.000000, 25.000000, 0.000000, 0.000000, 0.000000, 0.000000, 0.000000, 0.000000, 330.000000
55.676495, 25.000000, 25.000000, 0.000000, 0.000000, 0.000000, 0.000000, 0.000000, 0.000000, 340.000000
56.743214, 25.000000, 25.000000, 0.000000, 0.000000, 0.000000, 0.000000, 0.000000, 0.000000, 350.000000
57.801891, 25.000000, 25.000000, 0.000000, 0.000000, 0.000000, 0.000000, 0.000000, 0.000000, 360.000000
58.855057, 25.000000, 25.000000, 0.000000, 0.000000, 0.000000, 0.000000, 0.000000, 0.000000, 370.000000
59.904324, 25.000000, 25.000000, 0.000000, 0.000000, 0.000000, 0.000000, 0.000000, 0.000000, 380.000000
60.950481, 25.000000, 25.000000, 0.000000, 0.000000, 0.000000, 0.000000, 0.000000, 0.000000, 390.000000
61.993755, 25.000000, 25.000000, 0.000000, 0.000000, 0.000000, 0.000000, 0.000000, 0.000000, 400.000000
63.034351, 25.000000, 25.000000, 0.000000, 0.000000, 0.000000, 0.000000, 0.000000, 0.000000, 410.000000
64.072655, 25.000000, 25.000000, 0.000000, 0.000000, 0.000000, 0.000000, 0.000000, 0.000000, 420.000000
65.109299, 25.000000, 25.000000, 0.000000, 0.000000, 0.000000, 0.000000, 0.000000, 0.000000, 430.000000
66.144966, 25.000000, 25.000000, 0.000000, 0.000000, 0.000000, 0.000000, 0.000000, 0.000000, 440.000000
67.180183, 25.000000, 25.000000, 0.000000, 0.000000, 0.000000, 0.000000, 0.000000, 0.000000, 450.000000
68.216087, 25.000000, 25.000000, 0.000000, 0.000000, 0.000000, 0.000000, 0.000000, 0.000000, 460.000000
69.252853, 25.000000, 25.000000, 0.000000, 0.000000, 0.000000, 0.000000, 0.000000, 0.000000, 470.000000
70.290901, 25.000000, 25.000000, 0.000000, 0.000000, 0.000000, 0.000000, 0.000000, 0.000000, 480.000000
71.330536, 25.000000, 25.000000, 0.000000, 0.000000, 0.000000, 0.000000, 0.000000, 0.000000, 490.000000
72.372078, 25.000000, 25.000000, 0.000000, 0.000000, 0.000000, 0.000000, 0.000000, 0.000000, 500.000000
73.415993, 25.000000, 25.000000, 0.000000, 0.000000, 0.000000, 0.000000, 0.000000, 0.000000, 510.000000
74.462814, 25.000000, 25.000000, 0.000000, 0.000000, 0.000000, 0.000000, 0.000000, 0.000000, 520.000000
75.513092, 25.000000, 25.000000, 0.000000, 0.000000, 0.000000, 0.000000, 0.000000, 0.000000, 530.000000
76.567413, 25.000000, 25.000000, 0.000000, 0.000000, 0.000000, 0.000000, 0.000000, 0.000000, 540.000000
77.626221, 25.000000, 25.000000, 0.000000, 0.000000, 0.000000, 0.000000, 0.000000, 0.000000, 550.000000
78.689934, 25.000000, 25.000000, 0.000000, 0.000000, 0.000000, 0.000000, 0.000000, 0.000000, 560.000000
79.758865, 25.000000, 25.000000, 0.000000, 0.000000, 0.000000, 0.000000, 0.000000, 0.000000, 570.000000
80.833435, 25.000000, 25.000000, 0.000000, 0.000000, 0.000000, 0.000000, 0.000000, 0.000000, 580.000000
81.914246, 25.000000, 25.000000, 0.000000, 0.000000, 0.000000, 0.000000, 0.000000, 0.000000, 590.000000
83.002075, 25.000000, 25.000000, 0.000000, 0.000000, 0.000000, 0.000000, 0.000000, 0.000000, 600.000000
84.097946, 25.000000, 25.000000, 0.000000, 0.000000, 0.000000, 0.000000, 0.000000, 0.000000, 610.000000
85.203262, 25.000000, 25.000000, 0.000000, 0.000000, 0.000000, 0.000000, 0.000000, 0.000000, 620.000000
86.320282, 25.000000, 25.000000, 0.000000, 0.000000, 0.000000, 0.000000, 0.000000, 0.000000, 630.000000
87.452499, 25.000000, 25.000000, 0.000000, 0.000000, 0.000000, 0.000000, 0.000000, 0.000000, 640.000000
88.604279, 25.000000, 25.000000, 0.000000, 0.000000, 0.000000, 0.000000, 0.000000, 0.000000, 650.000000
89.779961, 25.000000, 25.000000, 0.000000, 0.000000, 0.000000, 0.000000, 0.000000, 0.000000, 660.000000
90.983238, 25.000000, 25.000000, 0.000000, 0.000000, 0.000000, 0.000000, 0.000000, 0.000000, 670.000000
92.216850, 25.000000, 25.000000, 0.000000, 0.000000, 0.000000, 0.000000, 0.000000, 0.000000, 680.000000
93.482536, 25.000000, 25.000000, 0.000000, 0.000000, 0.000000, 0.000000, 0.000000, 0.000000, 690.000000
94.781166, 25.000000, 25.000000, 0.000000, 0.000000, 0.000000, 0.000000, 0.000000, 0.000000, 700.000000
96.112938, 25.000000, 25.000000, 0.000000, 0.000000, 0.000000, 0.000000, 0.000000, 0.000000, 710.000000
97.477562, 25.000000, 25.000000, 0.000000, 0.000000, 0.000000, 0.000000, 0.000000, 0.000000, 720.000000
98.874283, 25.000000, 25.000000, 0.000000, 0.000000, 0.000000, 0.000000, 0.000000, 0.000000, 730.000000
100.300797, 25.000000, 25.000000, 0.000000, 0.000000, 0.000000, 0.000000, 0.000000, 0.000000, 740.000000
101.752075, 25.000000, 25.000000, 0.000000, 0.000000, 0.000000, 0.000000, 0.000000, 0.000000, 750.000000
103.220642, 25.000000, 25.000000, 0.000000, 0.000000, 0.000000, 0.000000, 0.000000, 0.000000, 760.000000
104.698280, 25.436567, 25.000000, 0.000000, 0.000000, 0.000000, 0.000000, 0.000000, 0.000000, 770.000000
106.107376, 25.427458, 25.005196, 0.000000, 0.000000, 0.000000, 0.000000, 0.000000, 0.000000, 780.000000
107.452820, 25.418646, 25.010202, 0.000000, 0.000000, 0.000000, 0.000000, 0.000000, 0.000000, 790.000000
108.800484, 25.410122, 25.015024, 0.000000, 0.000000, 0.000000, 0.000000, 0.000000, 0.000000, 800.000000
110.151680, 25.401876, 25.019669, 0.000000, 0.000000, 0.000000, 0.000000, 0.000000, 0.000000, 810.000000
111.508209, 25.393900, 25.024141, 0.000000, 0.000000, 0.000000, 0.000000, 0.000000, 0.000000, 820.000000
112.870773, 25.386185, 25.028448, 0.000000, 0.000000, 0.000000, 0.000000, 0.000000, 0.000000, 830.000000
114.238152, 25.378719, 25.032597, 0.000000, 0.000000, 0.000000, 0.000000, 0.000000, 0.000000, 840.000000
115.607681, 25.371496, 25.036591, 0.000000, 0.000000, 0.000000, 0.000000, 0.000000, 0.000000, 850.000000
116.976486, 25.364508, 25.040436, 0.000000, 0.000000, 0.000000, 0.000000, 0.000000, 0.000000, 860.000000
118.343475, 25.357744, 25.044136, 0.000000, 0.000000, 0.000000, 0.000000, 0.000000, 0.000000, 870.000000
119.708153, 25.351200, 25.047697, 0.000000, 0.000000, 0.000000, 0.000000, 0.000000, 0.000000, 880.000000
121.070091, 25.344868, 25.051125, 0.000000, 0.000000, 0.000000, 0.000000, 0.000000, 0.000000, 890.000000
122.428192, 25.338737, 25.054422, 0.000000, 0.000000, 0.000000, 0.000000, 0.000000, 0.000000, 900.000000
123.780785, 25.332804, 25.057596, 0.000000, 0.000000, 0.000000, 0.000000, 0.000000, 0.000000, 910.000000
125.125923, 25.327061, 25.060648, 0.000000, 0.000000, 0.000000, 0.000000, 0.000000, 0.000000, 920.000000
126.461876, 25.321501, 25.063583, 0.000000, 0.000000, 0.000000, 0.000000, 0.000000, 0.000000, 930.000000
127.787468, 25.316118, 25.066406, 0.000000, 0.000000, 0.000000, 0.000000, 0.000000, 0.000000, 940.000000
129.102158, 25.310907, 25.069120, 0.000000, 0.000000, 0.000000, 0.000000, 0.000000, 0.000000, 950.000000
130.405945, 25.305862, 25.071730, 0.000000, 0.000000, 0.000000, 0.000000, 0.000000, 0.000000, 960.000000
131.699188, 25.300976, 25.074238, 0.000000, 0.000000, 0.000000, 0.000000, 0.000000, 0.000000, 970.000000
132.982407, 25.296244, 25.076649, 0.000000, 0.000000, 0.000000, 0.000000, 0.000000, 0.000000, 980.000000
134.256210, 25.291662, 25.078966, 0.000000, 0.000000, 0.000000, 0.000000, 0.000000, 0.000000, 990.000000
135.521255, 25.287224, 25.081192, 0.000000, 0.000000, 0.000000, 0.000000, 0.000000, 0.000000, 1000.000000
136.778229, 25.282925, 25.083330, 0.000000, 0.000000, 0.000000, 0.000000, 0.000000, 0.000000, 1010.000000
138.027817, 25.278759, 25.085382, 0.000000, 0.000000, 0.000000, 0.000000, 0.000000, 0.000000, 1020.000000
139.270737, 25.274723, 25.087353, 0.000000, 0.000000, 0.000000, 0.000000, 0.000000, 0.000000, 1030.000000
140.507645, 25.270813, 25.089245, 0.000000, 0.000000, 0.000000, 0.000000, 0.000000, 0.000000, 1040.000000
141.739105, 25.267025, 25.091061, 0.000000, 0.000000, 0.000000, 0.000000, 0.000000, 0.000000, 1050.000000
142.965576, 25.263353, 25.092802, 0.000000, 0.000000, 0.000000, 0.000000, 0.000000, 0.000000, 1060.000000
144.187393, 25.259794, 25.094473, 0.000000, 0.000000, 0.000000, 0.000000, 0.000000, 0.000000, 1070.000000
145.404755, 25.256344, 25.096075, 0.000000, 0.000000, 0.000000, 0.000000, 0.000000, 0.000000, 1080.000000
146.617813, 25.253000, 25.097610, 0.000000, 0.000000, 0.000000, 0.000000, 0.000000, 0.000000, 1090.000000
147.826645, 25.249758, 25.099081, 0.000000, 0.000000, 0.000000, 0.000000, 0.000000, 0.000000, 1100.000000
149.031357, 25.246614, 25.100491, 0.000000, 0.000000, 0.000000, 0.000000, 0.000000, 0.000000, 1110.000000
150.231949, 25.243565, 25.101841, 0.000000, 0.000000, 0.000000, 0.000000, 0.000000, 0.000000, 1120.000000
151.428238, 25.240606, 25.103134, 0.000000, 0.000000, 0.000000, 0.000000, 0.000000, 0.000000, 1130.000000
152.619980, 25.237738, 25.104370, 0.000000, 0.000000, 0.000000, 0.000000, 0.000000, 0.000000, 1140.000000
153.806870, 25.234955, 25.105553, 0.000000, 0.000000, 0.000000, 0.000000, 0.000000, 0.000000, 1150.000000
154.988602, 25.232254, 25.106684, 0.000000, 0.000000, 0.000000, 0.000000, 0.000000, 0.000000, 1160.000000
156.164902, 25.229633, 25.107765, 0.000000, 0.000000, 0.000000, 0.000000, 0.000000, 0.000000, 1170.000000
157.335724, 25.227091, 25.108799, 0.000000, 0.000000, 0.000000, 0.000000, 0.000000, 0.000000, 1180.000000
158.501114, 25.224623, 25.109785, 0.000000, 0.000000, 0.000000, 0.000000, 0.000000, 0.000000, 1190.000000
159.661957, 25.222227, 25.110727, 0.000000, 0.000000, 0.000000, 0.000000, 0.000000, 0.000000, 1200.000000
160.820633, 25.219900, 25.111626, 0.000000, 0.000000, 0.000000, 0.000000, 0.000000, 0.000000, 1210.000000
161.981735, 25.217640, 25.112482, 0.000000, 0.000000, 0.000000, 0.000000, 0.000000, 0.000000, 1220.000000
163.152664, 25.215446, 25.113298, 0.000000, 0.000000, 0.000000, 0.000000, 0.000000, 0.000000, 1230.000000
164.343735, 25.213314, 25.114075, 0.000000, 0.000000, 0.000000, 0.000000, 0.000000, 0.000000, 1240.000000
165.568054, 25.211243, 25.114815, 0.000000, 0.000000, 0.000000, 0.000000, 0.000000, 0.000000, 1250.000000
166.842148, 25.209230, 25.115519, 0.000000, 0.000000, 0.000000, 0.000000, 0.000000, 0.000000, 1260.000000
168.187485, 25.207275, 25.116186, 0.000000, 0.000000, 0.000000, 0.000000, 0.000000, 0.000000, 1270.000000
169.633850, 25.205374, 25.116819, 0.000000, 0.000000, 0.000000, 0.000000, 0.000000, 0.000000, 1280.000000
171.226974, 25.203526, 25.117420, 0.000000, 0.000000, 0.000000, 0.000000, 0.000000, 0.000000, 1290.000000
173.047394, 25.704372, 25.117990, 0.000000, 0.000000, 0.000000, 0.000000, 0.000000, 0.000000, 1300.000000
174.979340, 26.213230, 25.124514, 0.000000, 0.000000, 0.000000, 0.000000, 0.000000, 0.000000, 1310.000000
176.838013, 26.727211, 25.136990, 0.000000, 0.000000, 0.000000, 0.000000, 0.000000, 0.000000, 1320.000000
178.645126, 27.244139, 25.155386, 0.000000, 0.000000, 0.000000, 0.000000, 0.000000, 0.000000, 1330.000000
180.415024, 27.762516, 25.179646, 0.000000, 0.000000, 0.000000, 0.000000, 0.000000, 0.000000, 1340.000000
182.156357, 28.281599, 25.209692, 0.000000, 0.000000, 0.000000, 0.000000, 0.000000, 0.000000, 1350.000000
183.873154, 28.801334, 25.245443, 0.000000, 0.000000, 0.000000, 0.000000, 0.000000, 0.000000, 1360.000000
185.566040, 29.322193, 25.286818, 0.000000, 0.000000, 0.000000, 0.000000, 0.000000, 0.000000, 1370.000000
187.233521, 29.844973, 25.333738, 0.000000, 0.000000, 0.000000, 0.000000, 0.000000, 0.000000, 1380.000000
188.873215, 30.370634, 25.386141, 0.000000, 0.000000, 0.000000, 0.000000, 0.000000, 0.000000, 1390.000000
190.481552, 30.900656, 25.443974, 0.000000, 0.000000, 0.000000, 0.000000, 0.000000, 0.000000, 1400.000000
192.052124, 30.786789, 25.507202, 0.000000, 0.000000, 0.000000, 0.000000, 0.000000, 0.000000, 1410.000000
193.707092, 30.676617, 25.568079, 0.000000, 0.000000, 0.000000, 0.000000, 0.000000, 0.000000, 1420.000000
195.621063, 30.570015, 25.626684, 0.000000, 0.000000, 0.000000, 0.000000, 0.000000, 0.000000, 1430.000000
197.880447, 30.466860, 25.683096, 0.000000, 0.000000, 0.000000, 0.000000, 0.000000, 0.000000, 1440.000000
200.590851, 30.367035, 25.737389, 0.000000, 0.000000, 0.000000, 0.000000, 0.000000, 0.000000, 1450.000000
203.828003, 30.270426, 25.789637, 0.000000, 0.000000, 0.000000, 0.000000, 0.000000, 0.000000, 1460.000000
207.485825, 30.176924, 25.839911, 0.000000, 0.000000, 0.000000, 0.000000, 0.000000, 0.000000, 1470.000000
211.169220, 30.086422, 25.888279, 0.000000, 0.000000, 0.000000, 0.000000, 0.000000, 0.000000, 1480.000000
214.476929, 29.998817, 25.934807, 0.000000, 0.000000, 0.000000, 0.000000, 0.000000, 0.000000, 1490.000000
217.297989, 29.914011, 25.979559, 0.000000, 0.000000, 0.000000, 0.000000, 0.000000, 0.000000, 1500.000000
219.710876, 29.831909, 26.022594, 0.000000, 0.000000, 0.000000, 0.000000, 0.000000, 0.000000, 1510.000000
221.825287, 29.752419, 26.063974, 0.000000, 0.000000, 0.000000, 0.000000, 0.000000, 0.000000, 1520.000000
223.730057, 29.675449, 26.103756, 0.000000, 0.000000, 0.000000, 0.000000, 0.000000, 0.000000, 1530.000000
225.490021, 29.600918, 26.141993, 0.000000, 0.000000, 0.000000, 0.000000, 0.000000, 0.000000, 1540.000000
227.151947, 29.528738, 26.178740, 0.000000, 0.000000, 0.000000, 0.000000, 0.000000, 0.000000, 1550.000000
228.750076, 29.458832, 26.214046, 0.000000, 0.000000, 0.000000, 0.000000, 0.000000, 0.000000, 1560.000000
230.309326, 29.391121, 26.247965, 0.000000, 0.000000, 0.000000, 0.000000, 0.000000, 0.000000, 1570.000000
231.847229, 29.325531, 26.280542, 0.000000, 0.000000, 0.000000, 0.000000, 0.000000, 0.000000, 1580.000000
233.375702, 29.261990, 26.311825, 0.000000, 0.000000, 0.000000, 0.000000, 0.000000, 0.000000, 1590.000000
234.902527, 29.200426, 26.341858, 0.000000, 0.000000, 0.000000, 0.000000, 0.000000, 0.000000, 1600.000000
236.432266, 29.140776, 26.370684, 0.000000, 0.000000, 0.000000, 0.000000, 0.000000, 0.000000, 1610.000000
237.968262, 29.082972, 26.398346, 0.000000, 0.000000, 0.000000, 0.000000, 0.000000, 0.000000, 1620.000000
239.514450, 29.026951, 26.424883, 0.000000, 0.000000, 0.000000, 0.000000, 0.000000, 0.000000, 1630.000000
241.075226, 28.972652, 26.450335, 0.000000, 0.000000, 0.000000, 0.000000, 0.000000, 0.000000, 1640.000000
242.648956, 28.920017, 26.474739, 0.000000, 0.000000, 0.000000, 0.000000, 0.000000, 0.000000, 1650.000000
