Time(s), Twind(°C), TMotCase(°C), Flat_i(N), Flat_o(N), Flat_r(N), Frad_i(N), Frad_o(N), Frad_r(N)
0.000000, 37.909584, 34.995625, 0.000000, 0.000000, 0.000000, 0.000000, 0.000000, 0.000000, 0.000000
3.067916, 37.821762, 34.989792, 0.000000, 0.000000, 0.000000, 0.000000, 0.000000, 0.000000, 15.000000
6.273515, 37.736412, 34.982582, 0.000000, 0.000000, 0.000000, 0.000000, 0.000000, 0.000000, 30.000000
9.536640, 37.653416, 34.974072, 0.000000, 0.000000, 0.000000, 0.000000, 0.000000, 0.000000, 45.000000
12.762648, 37.572662, 34.964329, 0.000000, 0.000000, 0.000000, 0.000000, 0.000000, 0.000000, 60.000000
15.866357, 37.494049, 34.953419, 0.000000, 0.000000, 0.000000, 0.000000, 0.000000, 0.000000, 75.000000
18.789856, 37.417477, 34.941406, 0.000000, 0.000000, 0.000000, 0.000000, 0.000000, 0.000000, 90.000000
21.540167, 37.342850, 34.928352, 0.000000, 0.000000, 0.000000, 0.000000, 0.000000, 0.000000, 105.000000
24.130909, 37.270081, 34.914310, 0.000000, 0.000000, 0.000000, 0.000000, 0.000000, 0.000000, 120.000000
26.582476, 37.199081, 34.899338, 0.000000, 0.000000, 0.000000, 0.000000, 0.000000, 0.000000, 135.000000
28.911081, 37.129768, 34.883488, 0.000000, 0.000000, 0.000000, 0.000000, 0.000000, 0.000000, 150.000000
31.129992, 37.062069, 34.866806, 0.000000, 0.000000, 0.000000, 0.000000, 0.000000, 0.000000, 165.000000
33.251789, 36.995907, 34.849339, 0.000000, 0.000000, 0.000000, 0.000000, 0.000000, 0.000000, 180.000000
35.298203, 36.931213, 34.831135, 0.000000, 0.000000, 0.000000, 0.000000, 0.000000, 0.000000, 195.000000
37.286945, 36.867920, 34.812233, 0.000000, 0.000000, 0.000000, 0.000000, 0.000000, 0.000000, 210.000000
39.228813, 36.805965, 34.792675, 0.000000, 0.000000, 0.000000, 0.000000, 0.000000, 0.000000, 225.000000
41.131409, 36.745289, 34.772495, 0.000000, 0.000000, 0.000000, 0.000000, 0.000000, 0.000000, 240.000000
42.999596, 36.685833, 34.751732, 0.000000, 0.000000, 0.000000, 0.000000, 0.000000, 0.000000, 255.000000
44.839142, 36.627541, 34.730419, 0.000000, 0.000000, 0.000000, 0.000000, 0.000000, 0.000000, 270.000000
46.661495, 36.570362, 34.708591, 0.000000, 0.000000, 0.000000, 0.000000, 0.000000, 0.000000, 285.000000
48.477459, 36.931259, 34.686279, 0.000000, 0.000000, 0.000000, 0.000000, 0.000000, 0.000000, 300.000000
50.256012, 36.863598, 34.670677, 0.000000, 0.000000, 0.000000, 0.000000, 0.000000, 0.000000, 315.000000
51.998352, 36.797504, 34.654270, 0.000000, 0.000000, 0.000000, 0.000000, 0.000000, 0.000000, 330.000000
53.740200, 36.732910, 34.637100, 0.000000, 0.000000, 0.000000, 0.000000, 0.000000, 0.000000, 345.000000
55.485477, 36.669746, 34.619209, 0.000000, 0.000000, 0.000000, 0.000000, 0.000000, 0.000000, 360.000000
57.232086, 36.607944, 34.600639, 0.000000, 0.000000, 0.000000, 0.000000, 0.000000, 0.000000, 375.000000
58.979019, 36.547447, 34.581432, 0.000000, 0.000000, 0.000000, 0.000000, 0.000000, 0.000000, 390.000000
60.732792, 36.488194, 34.561623, 0.000000, 0.000000, 0.000000, 0.000000, 0.000000, 0.000000, 405.000000
62.499863, 36.430130, 34.541245, 0.000000, 0.000000, 0.000000, 0.000000, 0.000000, 0.000000, 420.000000
64.284721, 36.373203, 34.520332, 0.000000, 0.000000, 0.000000, 0.000000, 0.000000, 0.000000, 435.000000
66.091339, 36.317360, 34.498920, 0.000000, 0.000000, 0.000000, 0.000000, 0.000000, 0.000000, 450.000000
67.921242, 36.262554, 34.477036, 0.000000, 0.000000, 0.000000, 0.000000, 0.000000, 0.000000, 465.000000
69.775703, 36.208740, 34.454708, 0.000000, 0.000000, 0.000000, 0.000000, 0.000000, 0.000000, 480.000000
71.652664, 36.155876, 34.431965, 0.000000, 0.000000, 0.000000, 0.000000, 0.000000, 0.000000, 495.000000
73.549484, 36.103920, 34.408829, 0.000000, 0.000000, 0.000000, 0.000000, 0.000000, 0.000000, 510.000000
75.464325, 36.052834, 34.385326, 0.000000, 0.000000, 0.000000, 0.000000, 0.000000, 0.000000, 525.000000
77.396362, 36.002579, 34.361481, 0.000000, 0.000000, 0.000000, 0.000000, 0.000000, 0.000000, 540.000000
79.352547, 35.953117, 34.337315, 0.000000, 0.000000, 0.000000, 0.000000, 0.000000, 0.000000, 555.000000
81.340897, 35.904419, 34.312851, 0.000000, 0.000000, 0.000000, 0.000000, 0.000000, 0.000000, 570.000000
83.368698, 35.856453, 34.288105, 0.000000, 0.000000, 0.000000, 0.000000, 0.000000, 0.000000, 585.000000
85.443993, 35.809185, 34.263100, 0.000000, 0.000000, 0.000000, 0.000000, 0.000000, 0.000000, 600.000000
87.575592, 35.762589, 34.237850, 0.000000, 0.000000, 0.000000, 0.000000, 0.000000, 0.000000, 615.000000
89.773407, 35.716637, 34.212376, 0.000000, 0.000000, 0.000000, 0.000000, 0.000000, 0.000000, 630.000000
92.046486, 35.671299, 34.186691, 0.000000, 0.000000, 0.000000, 0.000000, 0.000000, 0.000000, 645.000000
94.405273, 35.626556, 34.160812, 0.000000, 0.000000, 0.000000, 0.000000, 0.000000, 0.000000, 660.000000
96.860367, 35.582382, 34.134754, 0.000000, 0.000000, 0.000000, 0.000000, 0.000000, 0.000000, 675.000000
99.424393, 35.538754, 34.108532, 0.000000, 0.000000, 0.000000, 0.000000, 0.000000, 0.000000, 690.000000
102.102890, 35.495647, 34.082157, 0.000000, 0.000000, 0.000000, 0.000000, 0.000000, 0.000000, 705.000000
104.894524, 35.453045, 34.055641, 0.000000, 0.000000, 0.000000, 0.000000, 0.000000, 0.000000, 720.000000
107.773491, 35.410931, 34.028999, 0.000000, 0.000000, 0.000000, 0.000000, 0.000000, 0.000000, 735.000000
110.709442, 35.369282, 34.002239, 0.000000, 0.000000, 0.000000, 0.000000, 0.000000, 0.000000, 750.000000
113.685837, 35.328079, 33.975372, 0.000000, 0.000000, 0.000000, 0.000000, 0.000000, 0.000000, 765.000000
116.687592, 35.287312, 33.948410, 0.000000, 0.000000, 0.000000, 0.000000, 0.000000, 0.000000, 780.000000
119.726135, 35.246960, 33.921360, 0.000000, 0.000000, 0.000000, 0.000000, 0.000000, 0.000000, 795.000000
122.820915, 35.207008, 33.894234, 0.000000, 0.000000, 0.000000, 0.000000, 0.000000, 0.000000, 810.000000
125.998611, 35.167442, 33.867039, 0.000000, 0.000000, 0.000000, 0.000000, 0.000000, 0.000000, 825.000000
129.279739, 35.128250, 33.839783, 0.000000, 0.000000, 0.000000, 0.000000, 0.000000, 0.000000, 840.000000
132.646332, 35.540840, 33.812473, 0.000000, 0.000000, 0.000000, 0.000000, 0.000000, 0.000000, 855.000000
135.823669, 36.000999, 33.792881, 0.000000, 0.000000, 0.000000, 0.000000, 0.000000, 0.000000, 870.000000
138.637177, 36.509739, 33.781647, 0.000000, 0.000000, 0.000000, 0.000000, 0.000000, 0.000000, 885.000000
141.174713, 37.065285, 33.779411, 0.000000, 0.000000, 0.000000, 0.000000, 0.000000, 0.000000, 900.000000
143.493042, 36.966251, 33.786777, 0.000000, 0.000000, 0.000000, 0.000000, 0.000000, 0.000000, 915.000000
145.720993, 36.870426, 33.792274, 0.000000, 0.000000, 0.000000, 0.000000, 0.000000, 0.000000, 930.000000
147.953323, 36.777657, 33.795998, 0.000000, 0.000000, 0.000000, 0.000000, 0.000000, 0.000000, 945.000000
150.182144, 36.687794, 33.798042, 0.000000, 0.000000, 0.000000, 0.000000, 0.000000, 0.000000, 960.000000
152.409988, 36.600700, 33.798496, 0.000000, 0.000000, 0.000000, 0.000000, 0.000000, 0.000000, 975.000000
154.641205, 36.516247, 33.797443, 0.000000, 0.000000, 0.000000, 0.000000, 0.000000, 0.000000, 990.000000
156.880600, 36.434307, 33.794960, 0.000000, 0.000000, 0.000000, 0.000000, 0.000000, 0.000000, 1005.000000
159.132584, 36.354759, 33.791126, 0.000000, 0.000000, 0.000000, 0.000000, 0.000000, 0.000000, 1020.000000
161.399261, 36.277496, 33.786011, 0.000000, 0.000000, 0.000000, 0.000000, 0.000000, 0.000000, 1035.000000
163.681961, 36.202408, 33.779686, 0.000000, 0.000000, 0.000000, 0.000000, 0.000000, 0.000000, 1050.000000
165.976547, 36.129391, 33.772213, 0.000000, 0.000000, 0.000000, 0.000000, 0.000000, 0.000000, 1065.000000
168.278564, 36.058350, 33.763657, 0.000000, 0.000000, 0.000000, 0.000000, 0.000000, 0.000000, 1080.000000
170.584213, 35.989189, 33.754074, 0.000000, 0.000000, 0.000000, 0.000000, 0.000000, 0.000000, 1095.000000
172.890930, 35.921825, 33.743519, 0.000000, 0.000000, 0.000000, 0.000000, 0.000000, 0.000000, 1110.000000
175.197174, 35.856174, 33.732048, 0.000000, 0.000000, 0.000000, 0.000000, 0.000000, 0.000000, 1125.000000
177.501740, 35.792156, 33.719707, 0.000000, 0.000000, 0.000000, 0.000000, 0.000000, 0.000000, 1140.000000
179.802521, 35.729694, 33.706547, 0.000000, 0.000000, 0.000000, 0.000000, 0.000000, 0.000000, 1155.000000
182.097870, 35.668720, 33.692616, 0.000000, 0.000000, 0.000000, 0.000000, 0.000000, 0.000000, 1170.000000
184.386749, 35.609161, 33.677952, 0.000000, 0.000000, 0.000000, 0.000000, 0.000000, 0.000000, 1185.000000
186.668427, 35.550957, 33.662598, 0.000000, 0.000000, 0.000000, 0.000000, 0.000000, 0.000000, 1200.000000
188.942947, 35.494045, 33.646595, 0.000000, 0.000000, 0.000000, 0.000000, 0.000000, 0.000000, 1215.000000
191.210388, 35.438366, 33.629978, 0.000000, 0.000000, 0.000000, 0.000000, 0.000000, 0.000000, 1230.000000
193.471024, 35.383865, 33.612782, 0.000000, 0.000000, 0.000000, 0.000000, 0.000000, 0.000000, 1245.000000
195.724991, 35.330486, 33.595039, 0.000000, 0.000000, 0.000000, 0.000000, 0.000000, 0.000000, 1260.000000
197.972137, 35.278183, 33.576786, 0.000000, 0.000000, 0.000000, 0.000000, 0.000000, 0.000000, 1275.000000
200.212372, 35.226906, 33.558048, 0.000000, 0.000000, 0.000000, 0.000000, 0.000000, 0.000000, 1290.000000
202.445694, 35.860561, 33.538857, 0.000000, 0.000000, 0.000000, 0.000000, 0.000000, 0.000000, 1305.000000
204.583389, 36.545895, 33.530994, 0.000000, 0.000000, 0.000000, 0.000000, 0.000000, 0.000000, 1320.000000
206.561905, 37.282890, 33.535091, 0.000000, 0.000000, 0.000000, 0.000000, 0.000000, 0.000000, 1335.000000
208.409500, 38.072407, 33.551765, 0.000000, 0.000000, 0.000000, 0.000000, 0.000000, 0.000000, 1350.000000
210.147034, 38.915428, 33.581635, 0.000000, 0.000000, 0.000000, 0.000000, 0.000000, 0.000000, 1365.000000
211.790298, 39.813969, 33.625313, 0.000000, 0.000000, 0.000000, 0.000000, 0.000000, 0.000000, 1380.000000
213.350723, 39.917946, 33.683445, 0.000000, 0.000000, 0.000000, 0.000000, 0.000000, 0.000000, 1395.000000
214.868042, 39.998802, 33.742039, 0.000000, 0.000000, 0.000000, 0.000000, 0.000000, 0.000000, 1410.000000
216.380814, 40.079536, 33.800686, 0.000000, 0.000000, 0.000000, 0.000000, 0.000000, 0.000000, 1425.000000
217.893616, 40.159348, 33.859386, 0.000000, 0.000000, 0.000000, 0.000000, 0.000000, 0.000000, 1440.000000
219.405991, 40.237934, 33.918121, 0.000000, 0.000000, 0.000000, 0.000000, 0.000000, 0.000000, 1455.000000
220.930405, 40.315929, 33.976868, 0.000000, 0.000000, 0.000000, 0.000000, 0.000000, 0.000000, 1470.000000
222.445679, 40.404007, 34.035618, 0.000000, 0.000000, 0.000000, 0.000000, 0.000000, 0.000000, 1485.000000
223.967667, 40.515450, 34.094543, 0.000000, 0.000000, 0.000000, 0.000000, 0.000000, 0.000000, 1500.000000
225.512009, 41.073971, 34.154041, 0.000000, 0.000000, 0.000000, 0.000000, 0.000000, 0.000000, 1515.000000
227.075256, 41.602749, 34.221786, 0.000000, 0.000000, 0.000000, 0.000000, 0.000000, 0.000000, 1530.000000
228.649796, 42.495953, 34.297077, 0.000000, 0.000000, 0.000000, 0.000000, 0.000000, 0.000000, 1545.000000
230.241379, 43.370113, 34.386005, 0.000000, 0.000000, 0.000000, 0.000000, 0.000000, 0.000000, 1560.000000
231.856461, 44.202374, 34.487934, 0.000000, 0.000000, 0.000000, 0.000000, 0.000000, 0.000000, 1575.000000
233.512192, 44.988758, 34.601849, 0.000000, 0.000000, 0.000000, 0.000000, 0.000000, 0.000000, 1590.000000
235.221512, 45.717415, 34.726688, 0.000000, 0.000000, 0.000000, 0.000000, 0.000000, 0.000000, 1605.000000
236.999329, 46.385704, 34.861210, 0.000000, 0.000000, 0.000000, 0.000000, 0.000000, 0.000000, 1620.000000
238.851822, 46.998211, 35.004154, 0.000000, 0.000000, 0.000000, 0.000000, 0.000000, 0.000000, 1635.000000
240.783829, 47.555260, 35.154369, 0.000000, 0.000000, 0.000000, 0.000000, 0.000000, 0.000000, 1650.000000
242.798782, 48.063400, 35.310738, 0.000000, 0.000000, 0.000000, 0.000000, 0.000000, 0.000000, 1665.000000
244.898453, 48.524578, 35.472279, 0.000000, 0.000000, 0.000000, 0.000000, 0.000000, 0.000000, 1680.000000
247.053619, 48.971790, 35.638069, 0.000000, 0.000000, 0.000000, 0.000000, 0.000000, 0.000000, 1695.000000
249.223434, 49.411671, 35.807770, 0.000000, 0.000000, 0.000000, 0.000000, 0.000000, 0.000000, 1710.000000
251.373550, 49.001667, 35.981163, 0.000000, 0.000000, 0.000000, 0.000000, 0.000000, 0.000000, 1725.000000
253.564438, 48.609245, 36.143559, 0.000000, 0.000000, 0.000000, 0.000000, 0.000000, 0.000000, 1740.000000
255.816467, 48.233547, 36.295506, 0.000000, 0.000000, 0.000000, 0.000000, 0.000000, 0.000000, 1755.000000
258.038940, 47.873753, 36.437534, 0.000000, 0.000000, 0.000000, 0.000000, 0.000000, 0.000000, 1770.000000
260.162262, 47.529079, 36.570141, 0.000000, 0.000000, 0.000000, 0.000000, 0.000000, 0.000000, 1785.000000
262.147217, 47.198792, 36.693802, 0.000000, 0.000000, 0.000000, 0.000000, 0.000000, 0.000000, 1800.000000
264.022339, 46.882187, 36.808968, 0.000000, 0.000000, 0.000000, 0.000000, 0.000000, 0.000000, 1815.000000
265.817688, 46.578594, 36.916065, 0.000000, 0.000000, 0.000000, 0.000000, 0.000000, 0.000000, 1830.000000
267.570282, 46.287380, 37.015503, 0.000000, 0.000000, 0.000000, 0.000000, 0.000000, 0.000000, 1845.000000
269.307739, 46.007938, 37.107670, 0.000000, 0.000000, 0.000000, 0.000000, 0.000000, 0.000000, 1860.000000
271.043610, 45.739697, 37.192932, 0.000000, 0.000000, 0.000000, 0.000000, 0.000000, 0.000000, 1875.000000
272.789886, 45.482109, 37.271641, 0.000000, 0.000000, 0.000000, 0.000000, 0.000000, 0.000000, 1890.000000
274.553680, 45.234657, 37.344128, 0.000000, 0.000000, 0.000000, 0.000000, 0.000000, 0.000000, 1905.000000
276.341644, 44.996849, 37.410709, 0.000000, 0.000000, 0.000000, 0.000000, 0.000000, 0.000000, 1920.000000
278.156921, 44.768211, 37.471684, 0.000000, 0.000000, 0.000000, 0.000000, 0.000000, 0.000000, 1935.000000
280.000244, 44.548306, 37.527340, 0.000000, 0.000000, 0.000000, 0.000000, 0.000000, 0.000000, 1950.000000
281.860535, 44.336704, 37.577946, 0.000000, 0.000000, 0.000000, 0.000000, 0.000000, 0.000000, 1965.000000
283.726593, 44.133003, 37.623760, 0.000000, 0.000000, 0.000000, 0.000000, 0.000000, 0.000000, 1980.000000
285.593689, 43.936825, 37.665031, 0.000000, 0.000000, 0.000000, 0.000000, 0.000000, 0.000000, 1995.000000
287.458160, 43.747803, 37.701988, 0.000000, 0.000000, 0.000000, 0.000000, 0.000000, 0.000000, 2010.000000
289.316528, 43.565590, 37.734856, 0.000000, 0.000000, 0.000000, 0.000000, 0.000000, 0.000000, 2025.000000
291.167511, 43.389858, 37.763840, 0.000000, 0.000000, 0.000000, 0.000000, 0.000000, 0.000000, 2040.000000
293.032532, 43.220299, 37.789143, 0.000000, 0.000000, 0.000000, 0.000000, 0.000000, 0.000000, 2055.000000
294.936890, 43.056610, 37.810955, 0.000000, 0.000000, 0.000000, 0.000000, 0.000000, 0.000000, 2070.000000
296.907532, 43.429913, 37.829456, 0.000000, 0.000000, 0.000000, 0.000000, 0.000000, 0.000000, 2085.000000
298.917267, 43.798470, 37.853954, 0.000000, 0.000000, 0.000000, 0.000000, 0.000000, 0.000000, 2100.000000
300.918976, 43.619308, 37.884228, 0.000000, 0.000000, 0.000000, 0.000000, 0.000000, 0.000000, 2115.000000
302.973785, 43.446461, 37.910732, 0.000000, 0.000000, 0.000000, 0.000000, 0.000000, 0.000000, 2130.000000
305.137756, 43.279621, 37.933662, 0.000000, 0.000000, 0.000000, 0.000000, 0.000000, 0.000000, 2145.000000
307.409790, 43.118500, 37.953201, 0.000000, 0.000000, 0.000000, 0.000000, 0.000000, 0.000000, 2160.000000
309.785767, 42.962826, 37.969524, 0.000000, 0.000000, 0.000000, 0.000000, 0.000000, 0.000000, 2175.000000
312.261322, 42.812336, 37.982800, 0.000000, 0.000000, 0.000000, 0.000000, 0.000000, 0.000000, 2190.000000
314.841522, 42.666779, 37.993187, 0.000000, 0.000000, 0.000000, 0.000000, 0.000000, 0.000000, 2205.000000
317.529114, 42.525925, 38.000835, 0.000000, 0.000000, 0.000000, 0.000000, 0.000000, 0.000000, 2220.000000
320.328033, 42.389545, 38.005886, 0.000000, 0.000000, 0.000000, 0.000000, 0.000000, 0.000000, 2235.000000
