Time(s), Twind(°C), TMotCase(°C), Flat_i(N), Flat_o(N), Flat_r(N), Frad_i(N), Frad_o(N), Frad_r(N)
0.000000, 37.909584, 34.995625, 0.000000, 0.000000, 0.000000, 0.000000, 0.000000, 0.000000, 0.000000
2.545722, 37.821762, 34.989792, 0.000000, 0.000000, 0.000000, 0.000000, 0.000000, 0.000000, 15.000000
5.188962, 37.736412, 34.982582, 0.000000, 0.000000, 0.000000, 0.000000, 0.000000, 0.000000, 30.000000
7.936244, 37.653416, 34.974072, 0.000000, 0.000000, 0.000000, 0.000000, 0.000000, 0.000000, 45.000000
10.794502, 37.572662, 34.964329, 0.000000, 0.000000, 0.000000, 0.000000, 0.000000, 0.000000, 60.000000
13.773130, 37.494049, 34.953419, 0.000000, 0.000000, 0.000000, 0.000000, 0.000000, 0.000000, 75.000000
16.883942, 37.417477, 34.941406, 0.000000, 0.000000, 0.000000, 0.000000, 0.000000, 0.000000, 90.000000
20.140907, 37.342850, 34.928352, 0.000000, 0.000000, 0.000000, 0.000000, 0.000000, 0.000000, 105.000000
23.551432, 37.270081, 34.914310, 0.000000, 0.000000, 0.000000, 0.000000, 0.000000, 0.000000, 120.000000
27.049585, 37.199081, 34.899338, 0.000000, 0.000000, 0.000000, 0.000000, 0.000000, 0.000000, 135.000000
30.543411, 37.129768, 34.883488, 0.000000, 0.000000, 0.000000, 0.000000, 0.000000, 0.000000, 150.000000
33.915058, 37.062069, 34.866806, 0.000000, 0.000000, 0.000000, 0.000000, 0.000000, 0.000000, 165.000000
37.081249, 36.995907, 34.849339, 0.000000, 0.000000, 0.000000, 0.000000, 0.000000, 0.000000, 180.000000
40.021313, 36.931213, 34.831135, 0.000000, 0.000000, 0.000000, 0.000000, 0.000000, 0.000000, 195.000000
42.736660, 36.867920, 34.812233, 0.000000, 0.000000, 0.000000, 0.000000, 0.000000, 0.000000, 210.000000
45.250790, 36.805965, 34.792675, 0.000000, 0.000000, 0.000000, 0.000000, 0.000000, 0.000000, 225.000000
47.585621, 36.745289, 34.772495, 0.000000, 0.000000, 0.000000, 0.000000, 0.000000, 0.000000, 240.000000
49.765675, 36.685833, 34.751732, 0.000000, 0.000000, 0.000000, 0.000000, 0.000000, 0.000000, 255.000000
51.811596, 37.674004, 34.730419, 0.000000, 0.000000, 0.000000, 0.000000, 0.000000, 0.000000, 270.000000
53.654625, 37.585289, 34.726582, 0.000000, 0.000000, 0.000000, 0.000000, 0.000000, 0.000000, 285.000000
55.341148, 37.499130, 34.721306, 0.000000, 0.000000, 0.000000, 0.000000, 0.000000, 0.000000, 300.000000
56.971455, 37.415409, 34.714668, 0.000000, 0.000000, 0.000000, 0.000000, 0.000000, 0.000000, 315.000000
58.555698, 37.334011, 34.706745, 0.000000, 0.000000, 0.000000, 0.000000, 0.000000, 0.000000, 330.000000
60.106983, 37.254829, 34.697601, 0.000000, 0.000000, 0.000000, 0.000000, 0.000000, 0.000000, 345.000000
61.636951, 37.177757, 34.687305, 0.000000, 0.000000, 0.000000, 0.000000, 0.000000, 0.000000, 360.000000
63.154823, 37.102699, 34.675919, 0.000000, 0.000000, 0.000000, 0.000000, 0.000000, 0.000000, 375.000000
64.667931, 37.029560, 34.663502, 0.000000, 0.000000, 0.000000, 0.000000, 0.000000, 0.000000, 390.000000
66.177216, 36.958252, 34.650108, 0.000000, 0.000000, 0.000000, 0.000000, 0.000000, 0.000000, 405.000000
67.683136, 36.888687, 34.635796, 0.000000, 0.000000, 0.000000, 0.000000, 0.000000, 0.000000, 420.000000
69.186646, 36.820789, 34.620613, 0.000000, 0.000000, 0.000000, 0.000000, 0.000000, 0.000000, 435.000000
70.689255, 36.754478, 34.604610, 0.000000, 0.000000, 0.000000, 0.000000, 0.000000, 0.000000, 450.000000
72.192657, 36.689686, 34.587830, 0.000000, 0.000000, 0.000000, 0.000000, 0.000000, 0.000000, 465.000000
73.698631, 36.626339, 34.570320, 0.000000, 0.000000, 0.000000, 0.000000, 0.000000, 0.000000, 480.000000
75.208229, 36.564373, 34.552120, 0.000000, 0.000000, 0.000000, 0.000000, 0.000000, 0.000000, 495.000000
76.722435, 36.503727, 34.533268, 0.000000, 0.000000, 0.000000, 0.000000, 0.000000, 0.000000, 510.000000
78.242737, 36.444340, 34.513805, 0.000000, 0.000000, 0.000000, 0.000000, 0.000000, 0.000000, 525.000000
79.770752, 36.386154, 34.493763, 0.000000, 0.000000, 0.000000, 0.000000, 0.000000, 0.000000, 540.000000
81.308022, 36.329121, 34.473179, 0.000000, 0.000000, 0.000000, 0.000000, 0.000000, 0.000000, 555.000000
82.856003, 36.273186, 34.452084, 0.000000, 0.000000, 0.000000, 0.000000, 0.000000, 0.000000, 570.000000
84.415878, 36.218300, 34.430508, 0.000000, 0.000000, 0.000000, 0.000000, 0.000000, 0.000000, 585.000000
85.989052, 36.164417, 34.408478, 0.000000, 0.000000, 0.000000, 0.000000, 0.000000, 0.000000, 600.000000
87.578278, 36.111496, 34.386024, 0.000000, 0.000000, 0.000000, 0.000000, 0.000000, 0.000000, 615.000000
89.186958, 36.059494, 34.363174, 0.000000, 0.000000, 0.000000, 0.000000, 0.000000, 0.000000, 630.000000
90.824448, 36.008369, 34.339951, 0.000000, 0.000000, 0.000000, 0.000000, 0.000000, 0.000000, 645.000000
92.502266, 35.958084, 34.316376, 0.000000, 0.000000, 0.000000, 0.000000, 0.000000, 0.000000, 660.000000
94.233665, 36.199558, 34.292473, 0.000000, 0.000000, 0.000000, 0.000000, 0.000000, 0.000000, 675.000000
96.023254, 36.891430, 34.273266, 0.000000, 0.000000, 0.000000, 0.000000, 0.000000, 0.000000, 690.000000
97.807732, 36.812523, 34.266392, 0.000000, 0.000000, 0.000000, 0.000000, 0.000000, 0.000000, 705.000000
99.597527, 37.693619, 34.258316, 0.000000, 0.000000, 0.000000, 0.000000, 0.000000, 0.000000, 720.000000
101.379028, 37.590084, 34.265572, 0.000000, 0.000000, 0.000000, 0.000000, 0.000000, 0.000000, 735.000000
103.150215, 38.091579, 34.270882, 0.000000, 0.000000, 0.000000, 0.000000, 0.000000, 0.000000, 750.000000
104.920052, 37.976429, 34.284695, 0.000000, 0.000000, 0.000000, 0.000000, 0.000000, 0.000000, 765.000000
106.671272, 38.162868, 34.296211, 0.000000, 0.000000, 0.000000, 0.000000, 0.000000, 0.000000, 780.000000
108.434326, 38.328999, 34.310669, 0.000000, 0.000000, 0.000000, 0.000000, 0.000000, 0.000000, 795.000000
110.198738, 38.514370, 34.327656, 0.000000, 0.000000, 0.000000, 0.000000, 0.000000, 0.000000, 810.000000
111.966888, 38.685089, 34.347443, 0.000000, 0.000000, 0.000000, 0.000000, 0.000000, 0.000000, 825.000000
113.735268, 38.863220, 34.369713, 0.000000, 0.000000, 0.000000, 0.000000, 0.000000, 0.000000, 840.000000
115.497238, 38.727791, 34.394539, 0.000000, 0.000000, 0.000000, 0.000000, 0.000000, 0.000000, 855.000000
117.255981, 38.887024, 34.416470, 0.000000, 0.000000, 0.000000, 0.000000, 0.000000, 0.000000, 870.000000
119.013435, 38.752289, 34.440639, 0.000000, 0.000000, 0.000000, 0.000000, 0.000000, 0.000000, 885.000000
120.765320, 38.622341, 34.461941, 0.000000, 0.000000, 0.000000, 0.000000, 0.000000, 0.000000, 900.000000
122.514809, 38.496952, 34.480522, 0.000000, 0.000000, 0.000000, 0.000000, 0.000000, 0.000000, 915.000000
124.257706, 38.375904, 34.496525, 0.000000, 0.000000, 0.000000, 0.000000, 0.000000, 0.000000, 930.000000
125.990395, 38.258984, 34.510082, 0.000000, 0.000000, 0.000000, 0.000000, 0.000000, 0.000000, 945.000000
127.709946, 38.145996, 34.521320, 0.000000, 0.000000, 0.000000, 0.000000, 0.000000, 0.000000, 960.000000
129.416351, 38.036755, 34.530361, 0.000000, 0.000000, 0.000000, 0.000000, 0.000000, 0.000000, 975.000000
131.109955, 37.931076, 34.537319, 0.000000, 0.000000, 0.000000, 0.000000, 0.000000, 0.000000, 990.000000
132.791916, 37.828793, 34.542301, 0.000000, 0.000000, 0.000000, 0.000000, 0.000000, 0.000000, 1005.000000
134.463486, 37.729744, 34.545410, 0.000000, 0.000000, 0.000000, 0.000000, 0.000000, 0.000000, 1020.000000
136.126114, 37.633774, 34.546745, 0.000000, 0.000000, 0.000000, 0.000000, 0.000000, 0.000000, 1035.000000
137.781204, 37.540733, 34.546402, 0.000000, 0.000000, 0.000000, 0.000000, 0.000000, 0.000000, 1050.000000
139.429916, 37.450489, 34.544464, 0.000000, 0.000000, 0.000000, 0.000000, 0.000000, 0.000000, 1065.000000
141.073242, 37.362904, 34.541019, 0.000000, 0.000000, 0.000000, 0.000000, 0.000000, 0.000000, 1080.000000
142.711639, 37.277855, 34.536148, 0.000000, 0.000000, 0.000000, 0.000000, 0.000000, 0.000000, 1095.000000
144.345444, 37.195225, 34.529926, 0.000000, 0.000000, 0.000000, 0.000000, 0.000000, 0.000000, 1110.000000
145.974777, 37.114895, 34.522427, 0.000000, 0.000000, 0.000000, 0.000000, 0.000000, 0.000000, 1125.000000
147.599533, 37.036762, 34.513718, 0.000000, 0.000000, 0.000000, 0.000000, 0.000000, 0.000000, 1140.000000
149.219086, 36.960720, 34.503864, 0.000000, 0.000000, 0.000000, 0.000000, 0.000000, 0.000000, 1155.000000
150.832779, 36.886673, 34.492928, 0.000000, 0.000000, 0.000000, 0.000000, 0.000000, 0.000000, 1170.000000
152.440140, 36.814529, 34.480965, 0.000000, 0.000000, 0.000000, 0.000000, 0.000000, 0.000000, 1185.000000
154.040878, 36.744198, 34.468037, 0.000000, 0.000000, 0.000000, 0.000000, 0.000000, 0.000000, 1200.000000
155.639297, 36.675598, 34.454193, 0.000000, 0.000000, 0.000000, 0.000000, 0.000000, 0.000000, 1215.000000
157.242203, 36.608646, 34.439484, 0.000000, 0.000000, 0.000000, 0.000000, 0.000000, 0.000000, 1230.000000
158.872330, 36.543270, 34.423962, 0.000000, 0.000000, 0.000000, 0.000000, 0.000000, 0.000000, 1245.000000
160.557816, 36.479397, 34.407669, 0.000000, 0.000000, 0.000000, 0.000000, 0.000000, 0.000000, 1260.000000
162.340683, 37.297852, 34.390648, 0.000000, 0.000000, 0.000000, 0.000000, 0.000000, 0.000000, 1275.000000
162.340683, 38.696529, 34.388084, 0.000000, 0.000000, 0.000000, 0.000000, 0.000000, 0.000000, 1290.000000
164.189621, 39.991268, 34.409626, 0.000000, 0.000000, 0.000000, 0.000000, 0.000000, 0.000000, 1305.000000
166.037735, 41.387146, 34.452934, 0.000000, 0.000000, 0.000000, 0.000000, 0.000000, 0.000000, 1320.000000
167.903656, 42.827019, 34.519253, 0.000000, 0.000000, 0.000000, 0.000000, 0.000000, 0.000000, 1335.000000
169.798889, 44.318657, 34.608810, 0.000000, 0.000000, 0.000000, 0.000000, 0.000000, 0.000000, 1350.000000
171.727432, 45.880959, 34.721970, 0.000000, 0.000000, 0.000000, 0.000000, 0.000000, 0.000000, 1365.000000
173.690643, 47.514488, 34.859409, 0.000000, 0.000000, 0.000000, 0.000000, 0.000000, 0.000000, 1380.000000
175.680237, 47.657314, 35.021797, 0.000000, 0.000000, 0.000000, 0.000000, 0.000000, 0.000000, 1395.000000
177.779541, 47.276497, 35.182941, 0.000000, 0.000000, 0.000000, 0.000000, 0.000000, 0.000000, 1410.000000
180.205017, 46.912014, 35.333866, 0.000000, 0.000000, 0.000000, 0.000000, 0.000000, 0.000000, 1425.000000
183.285614, 46.563065, 35.475086, 0.000000, 0.000000, 0.000000, 0.000000, 0.000000, 0.000000, 1440.000000
187.420227, 46.228889, 35.607090, 0.000000, 0.000000, 0.000000, 0.000000, 0.000000, 0.000000, 1455.000000
193.487030, 45.908764, 35.730343, 0.000000, 0.000000, 0.000000, 0.000000, 0.000000, 0.000000, 1470.000000
200.915970, 45.602001, 35.845284, 0.000000, 0.000000, 0.000000, 0.000000, 0.000000, 0.000000, 1485.000000
206.990692, 45.307945, 35.952332, 0.000000, 0.000000, 0.000000, 0.000000, 0.000000, 0.000000, 1500.000000
211.499390, 45.025978, 36.051884, 0.000000, 0.000000, 0.000000, 0.000000, 0.000000, 0.000000, 1515.000000
214.943832, 44.755512, 36.144321, 0.000000, 0.000000, 0.000000, 0.000000, 0.000000, 0.000000, 1530.000000
217.864197, 44.495983, 36.230003, 0.000000, 0.000000, 0.000000, 0.000000, 0.000000, 0.000000, 1545.000000
220.482162, 44.246857, 36.309273, 0.000000, 0.000000, 0.000000, 0.000000, 0.000000, 0.000000, 1560.000000
222.942459, 44.007629, 36.382454, 0.000000, 0.000000, 0.000000, 0.000000, 0.000000, 0.000000, 1575.000000
225.331726, 43.777817, 36.449852, 0.000000, 0.000000, 0.000000, 0.000000, 0.000000, 0.000000, 1590.000000
227.692062, 43.556961, 36.511765, 0.000000, 0.000000, 0.000000, 0.000000, 0.000000, 0.000000, 1605.000000
230.053955, 43.344627, 36.568470, 0.000000, 0.000000, 0.000000, 0.000000, 0.000000, 0.000000, 1620.000000
232.431564, 43.140404, 36.620232, 0.000000, 0.000000, 0.000000, 0.000000, 0.000000, 0.000000, 1635.000000
234.839844, 42.943893, 36.667305, 0.000000, 0.000000, 0.000000, 0.000000, 0.000000, 0.000000, 1650.000000
