Time(s), Twind(°C), TMotCase(°C), Flat_i(N), Flat_o(N), Flat_r(N), Frad_i(N), Frad_o(N), Frad_r(N)
0.000000, 25.000000, 25.000000, 0.000000, 0.000000, 0.000000, 0.000000, 0.000000, 0.000000, 0.000000
1.658373, 25.000000, 25.000000, 0.000000, 0.000000, 0.000000, 0.000000, 0.000000, 0.000000, 10.000000
3.356140, 25.000000, 25.000000, 0.000000, 0.000000, 0.000000, 0.000000, 0.000000, 0.000000, 20.000000
5.095020, 25.000000, 25.000000, 0.000000, 0.000000, 0.000000, 0.000000, 0.000000, 0.000000, 30.000000
6.876604, 25.000000, 25.000000, 0.000000, 0.000000, 0.000000, 0.000000, 0.000000, 0.000000, 40.000000
8.702517, 25.000000, 25.000000, 0.000000, 0.000000, 0.000000, 0.000000, 0.000000, 0.000000, 50.000000
10.574708, 25.000000, 25.000000, 0.000000, 0.000000, 0.000000, 0.000000, 0.000000, 0.000000, 60.000000
12.495722, 25.000000, 25.000000, 0.000000, 0.000000, 0.000000, 0.000000, 0.000000, 0.000000, 70.000000
14.468979, 25.000000, 25.000000, 0.000000, 0.000000, 0.000000, 0.000000, 0.000000, 0.000000, 80.000000
16.498888, 25.000000, 25.000000, 0.000000, 0.000000, 0.000000, 0.000000, 0.000000, 0.000000, 90.000000
18.589600, 25.000000, 25.000000, 0.000000, 0.000000, 0.000000, 0.000000, 0.000000, 0.000000, 100.000000
20.741543, 25.000000, 25.000000, 0.000000, 0.000000, 0.000000, 0.000000, 0.000000, 0.000000, 110.000000
22.947468, 25.000000, 25.000000, 0.000000, 0.000000, 0.000000, 0.000000, 0.000000, 0.000000, 120.000000
25.190556, 25.000000, 25.000000, 0.000000, 0.000000, 0.000000, 0.000000, 0.000000, 0.000000, 130.000000
27.445547, 25.000000, 25.000000, 0.000000, 0.000000, 0.000000, 0.000000, 0.000000, 0.000000, 140.000000
29.681730, 25.000000, 25.000000, 0.000000, 0.000000, 0.000000, 0.000000, 0.000000, 0.000000, 150.000000
31.869652, 25.000000, 25.000000, 0.000000, 0.000000, 0.000000, 0.000000, 0.000000, 0.000000, 160.000000
33.986271, 25.000000, 25.000000, 0.000000, 0.000000, 0.000000, 0.000000, 0.000000, 0.000000, 170.000000
36.017235, 25.000000, 25.000000, 0.000000, 0.000000, 0.000000, 0.000000, 0.000000, 0.000000, 180.000000
37.956276, 25.000000, 25.000000, 0.000000, 0.000000, 0.000000, 0.000000, 0.000000, 0.000000, 190.000000
39.793976, 25.000000, 25.000000, 0.000000, 0.000000, 0.000000, 0.000000, 0.000000, 0.000000, 200.000000
41.528904, 25.000000, 25.000000, 0.000000, 0.000000, 0.000000, 0.000000, 0.000000, 0.000000, 210.000000
43.171585, 25.000000, 25.000000, 0.000000, 0.000000, 0.000000, 0.000000, 0.000000, 0.000000, 220.000000
44.731670, 25.000000, 25.000000, 0.000000, 0.000000, 0.000000, 0.000000, 0.000000, 0.000000, 230.000000
46.217995, 25.000000, 25.000000, 0.000000, 0.000000, 0.000000, 0.000000, 0.000000, 0.000000, 240.000000
47.638676, 25.000000, 25.000000, 0.000000, 0.000000, 0.000000, 0.000000, 0.000000, 0.000000, 250.000000
49.001255, 25.000000, 25.000000, 0.000000, 0.000000, 0.000000, 0.000000, 0.000000, 0.000000, 260.000000
50.312695, 25.000000, 25.000000, 0.000000, 0.000000, 0.000000, 0.000000, 0.000000, 0.000000, 270.000000
51.579269, 25.000000, 25.000000, 0.000000, 0.000000, 0.000000, 0.000000, 0.000000, 0.000000, 280.000000
52.806583, 25.000000, 25.000000, 0.000000, 0.000000, 0.000000, 0.000000, 0.000000, 0.000000, 290.000000
53.999725, 25.000000, 25.000000, 0.000000, 0.000000, 0.000000, 0.000000, 0.000000, 0.000000, 300.000000
55.163471, 25.000000, 25.000000, 0.000000, 0.000000, 0.000000, 0.000000, 0.000000, 0.000000, 310.000000
56.302448, 25.000000, 25.000000, 0.000000, 0.000000, 0.000000, 0.000000, 0.000000, 0.000000, 320.000000
57.421162, 25.000000, 25.000000, 0.000000, 0.000000, 0.000000, 0.000000, 0.000000, 0.000000, 330.000000
58.523872, 25.000000, 25.000000, 0.000000, 0.000000, 0.000000, 0.000000, 0.000000, 0.000000, 340.000000
59.614410, 25.000000, 25.000000, 0.000000, 0.000000, 0.000000, 0.000000, 0.000000, 0.000000, 350.000000
60.696011, 25.000000, 25.000000, 0.000000, 0.000000, 0.000000, 0.000000, 0.000000, 0.000000, 360.000000
61.771126, 25.000000, 25.000000, 0.000000, 0.000000, 0.000000, 0.000000, 0.000000, 0.000000, 370.000000
62.841362, 25.000000, 25.000000, 0.000000, 0.000000, 0.000000, 0.000000, 0.000000, 0.000000, 380.000000
63.907837, 25.000000, 25.000000, 0.000000, 0.000000, 0.000000, 0.000000, 0.000000, 0.000000, 390.000000
64.971352, 25.000000, 25.000000, 0.000000, 0.000000, 0.000000, 0.000000, 0.000000, 0.000000, 400.000000
66.032608, 25.000000, 25.000000, 0.000000, 0.000000, 0.000000, 0.000000, 0.000000, 0.000000, 410.000000
67.092392, 25.000000, 25.000000, 0.000000, 0.000000, 0.000000, 0.000000, 0.000000, 0.000000, 420.000000
68.151581, 25.000000, 25.000000, 0.000000, 0.000000, 0.000000, 0.000000, 0.000000, 0.000000, 430.000000
69.210632, 25.000000, 25.000000, 0.000000, 0.000000, 0.000000, 0.000000, 0.000000, 0.000000, 440.000000
70.270287, 25.000000, 25.000000, 0.000000, 0.000000, 0.000000, 0.000000, 0.000000, 0.000000, 450.000000
71.330933, 25.000000, 25.000000, 0.000000, 0.000000, 0.000000, 0.000000, 0.000000, 0.000000, 460.000000
72.392868, 25.000000, 25.000000, 0.000000, 0.000000, 0.000000, 0.000000, 0.000000, 0.000000, 470.000000
73.456406, 25.000000, 25.000000, 0.000000, 0.000000, 0.000000, 0.000000, 0.000000, 0.000000, 480.000000
74.522034, 25.000000, 25.000000, 0.000000, 0.000000, 0.000000, 0.000000, 0.000000, 0.000000, 490.000000
75.590218, 25.000000, 25.000000, 0.000000, 0.000000, 0.000000, 0.000000, 0.000000, 0.000000, 500.000000
76.661491, 25.000000, 25.000000, 0.000000, 0.000000, 0.000000, 0.000000, 0.000000, 0.000000, 510.000000
77.736496, 25.000000, 25.000000, 0.000000, 0.000000, 0.000000, 0.000000, 0.000000, 0.000000, 520.000000
78.815735, 25.000000, 25.000000, 0.000000, 0.000000, 0.000000, 0.000000, 0.000000, 0.000000, 530.000000
79.899666, 25.000000, 25.000000, 0.000000, 0.000000, 0.000000, 0.000000, 0.000000, 0.000000, 540.000000
80.988686, 25.000000, 25.000000, 0.000000, 0.000000, 0.000000, 0.000000, 0.000000, 0.000000, 550.000000
82.083138, 25.000000, 25.000000, 0.000000, 0.000000, 0.000000, 0.000000, 0.000000, 0.000000, 560.000000
83.183472, 25.000000, 25.000000, 0.000000, 0.000000, 0.000000, 0.000000, 0.000000, 0.000000, 570.000000
84.291275, 25.000000, 25.000000, 0.000000, 0.000000, 0.000000, 0.000000, 0.000000, 0.000000, 580.000000
85.408699, 25.000000, 25.000000, 0.000000, 0.000000, 0.000000, 0.000000, 0.000000, 0.000000, 590.000000
86.537872, 25.000000, 25.000000, 0.000000, 0.000000, 0.000000, 0.000000, 0.000000, 0.000000, 600.000000
87.682030, 25.000000, 25.000000, 0.000000, 0.000000, 0.000000, 0.000000, 0.000000, 0.000000, 610.000000
88.845268, 25.000000, 25.000000, 0.000000, 0.000000, 0.000000, 0.000000, 0.000000, 0.000000, 620.000000
90.031784, 25.000000, 25.000000, 0.000000, 0.000000, 0.000000, 0.000000, 0.000000, 0.000000, 630.000000
91.245308, 25.000000, 25.000000, 0.000000, 0.000000, 0.000000, 0.000000, 0.000000, 0.000000, 640.000000
92.488762, 25.000000, 25.000000, 0.000000, 0.000000, 0.000000, 0.000000, 0.000000, 0.000000, 650.000000
93.764191, 25.000000, 25.000000, 0.000000, 0.000000, 0.000000, 0.000000, 0.000000, 0.000000, 660.000000
95.072784, 25.000000, 25.000000, 0.000000, 0.000000, 0.000000, 0.000000, 0.000000, 0.000000, 670.000000
96.415009, 25.000000, 25.000000, 0.000000, 0.000000, 0.000000, 0.000000, 0.000000, 0.000000, 680.000000
97.790794, 25.000000, 25.000000, 0.000000, 0.000000, 0.000000, 0.000000, 0.000000, 0.000000, 690.000000
99.199623, 25.000000, 25.000000, 0.000000, 0.000000, 0.000000, 0.000000, 0.000000, 0.000000, 700.000000
100.640175, 25.000000, 25.000000, 0.000000, 0.000000, 0.000000, 0.000000, 0.000000, 0.000000, 710.000000
102.109314, 25.000000, 25.000000, 0.000000, 0.000000, 0.000000, 0.000000, 0.000000, 0.000000, 720.000000
103.601410, 25.000000, 25.000000, 0.000000, 0.000000, 0.000000, 0.000000, 0.000000, 0.000000, 730.000000
105.108871, 25.000000, 25.000000, 0.000000, 0.000000, 0.000000, 0.000000, 0.000000, 0.000000, 740.000000
106.623817, 25.000000, 25.000000, 0.000000, 0.000000, 0.000000, 0.000000, 0.000000, 0.000000, 750.000000
108.139877, 25.000000, 25.000000, 0.000000, 0.000000, 0.000000, 0.000000, 0.000000, 0.000000, 760.000000
109.654739, 25.000000, 25.000000, 0.000000, 0.000000, 0.000000, 0.000000, 0.000000, 0.000000, 770.000000
111.169449, 25.000000, 25.000000, 0.000000, 0.000000, 0.000000, 0.000000, 0.000000, 0.000000, 780.000000
112.685219, 25.000000, 25.000000, 0.000000, 0.000000, 0.000000, 0.000000, 0.000000, 0.000000, 790.000000
114.200981, 25.426538, 25.000000, 0.000000, 0.000000, 0.000000, 0.000000, 0.000000, 0.000000, 800.000000
115.639641, 25.417637, 25.005077, 0.000000, 0.000000, 0.000000, 0.000000, 0.000000, 0.000000, 810.000000
117.008553, 25.409027, 25.009968, 0.000000, 0.000000, 0.000000, 0.000000, 0.000000, 0.000000, 820.000000
118.375877, 25.400700, 25.014679, 0.000000, 0.000000, 0.000000, 0.000000, 0.000000, 0.000000, 830.000000
119.741089, 25.392645, 25.019217, 0.000000, 0.000000, 0.000000, 0.000000, 0.000000, 0.000000, 840.000000
121.103691, 25.384851, 25.023586, 0.000000, 0.000000, 0.000000, 0.000000, 0.000000, 0.000000, 850.000000
122.462944, 25.377314, 25.027796, 0.000000, 0.000000, 0.000000, 0.000000, 0.000000, 0.000000, 860.000000
123.817543, 25.370020, 25.031849, 0.000000, 0.000000, 0.000000, 0.000000, 0.000000, 0.000000, 870.000000
125.165779, 25.362963, 25.035751, 0.000000, 0.000000, 0.000000, 0.000000, 0.000000, 0.000000, 880.000000
126.505898, 25.356134, 25.039507, 0.000000, 0.000000, 0.000000, 0.000000, 0.000000, 0.000000, 890.000000
127.836472, 25.349527, 25.043123, 0.000000, 0.000000, 0.000000, 0.000000, 0.000000, 0.000000, 900.000000
129.156586, 25.343134, 25.046604, 0.000000, 0.000000, 0.000000, 0.000000, 0.000000, 0.000000, 910.000000
130.465897, 25.336946, 25.049953, 0.000000, 0.000000, 0.000000, 0.000000, 0.000000, 0.000000, 920.000000
131.764481, 25.330957, 25.053177, 0.000000, 0.000000, 0.000000, 0.000000, 0.000000, 0.000000, 930.000000
133.052704, 25.325161, 25.056276, 0.000000, 0.000000, 0.000000, 0.000000, 0.000000, 0.000000, 940.000000
134.331085, 25.319550, 25.059259, 0.000000, 0.000000, 0.000000, 0.000000, 0.000000, 0.000000, 950.000000
135.600662, 25.314117, 25.062128, 0.000000, 0.000000, 0.000000, 0.000000, 0.000000, 0.000000, 960.000000
136.862534, 25.308859, 25.064886, 0.000000, 0.000000, 0.000000, 0.000000, 0.000000, 0.000000, 970.000000
138.117386, 25.303768, 25.067539, 0.000000, 0.000000, 0.000000, 0.000000, 0.000000, 0.000000, 980.000000
139.365875, 25.298840, 25.070089, 0.000000, 0.000000, 0.000000, 0.000000, 0.000000, 0.000000, 990.000000
140.608612, 25.294065, 25.072540, 0.000000, 0.000000, 0.000000, 0.000000, 0.000000, 0.000000, 1000.000000
141.846024, 25.289442, 25.074896, 0.000000, 0.000000, 0.000000, 0.000000, 0.000000, 0.000000, 1010.000000
143.078506, 25.284966, 25.077160, 0.000000, 0.000000, 0.000000, 0.000000, 0.000000, 0.000000, 1020.000000
144.306290, 25.280628, 25.079334, 0.000000, 0.000000, 0.000000, 0.000000, 0.000000, 0.000000, 1030.000000
145.529510, 25.276428, 25.081423, 0.000000, 0.000000, 0.000000, 0.000000, 0.000000, 0.000000, 1040.000000
146.748337, 25.272360, 25.083429, 0.000000, 0.000000, 0.000000, 0.000000, 0.000000, 0.000000, 1050.000000
147.962860, 25.268417, 25.085356, 0.000000, 0.000000, 0.000000, 0.000000, 0.000000, 0.000000, 1060.000000
149.173096, 25.264597, 25.087204, 0.000000, 0.000000, 0.000000, 0.000000, 0.000000, 0.000000, 1070.000000
150.378998, 25.260895, 25.088978, 0.000000, 0.000000, 0.000000, 0.000000, 0.000000, 0.000000, 1080.000000
151.580338, 25.257307, 25.090679, 0.000000, 0.000000, 0.000000, 0.000000, 0.000000, 0.000000, 1090.000000
152.776901, 25.253830, 25.092312, 0.000000, 0.000000, 0.000000, 0.000000, 0.000000, 0.000000, 1100.000000
153.968384, 25.250460, 25.093876, 0.000000, 0.000000, 0.000000, 0.000000, 0.000000, 0.000000, 1110.000000
155.154510, 25.247192, 25.095375, 0.000000, 0.000000, 0.000000, 0.000000, 0.000000, 0.000000, 1120.000000
156.335114, 25.244024, 25.096813, 0.000000, 0.000000, 0.000000, 0.000000, 0.000000, 0.000000, 1130.000000
157.510086, 25.240952, 25.098190, 0.000000, 0.000000, 0.000000, 0.000000, 0.000000, 0.000000, 1140.000000
158.681824, 25.237972, 25.099508, 0.000000, 0.000000, 0.000000, 0.000000, 0.000000, 0.000000, 1150.000000
159.855774, 25.235083, 25.100771, 0.000000, 0.000000, 0.000000, 0.000000, 0.000000, 0.000000, 1160.000000
161.039108, 25.232281, 25.101978, 0.000000, 0.000000, 0.000000, 0.000000, 0.000000, 0.000000, 1170.000000
162.241623, 25.229561, 25.103134, 0.000000, 0.000000, 0.000000, 0.000000, 0.000000, 0.000000, 1180.000000
163.475845, 25.226923, 25.104239, 0.000000, 0.000000, 0.000000, 0.000000, 0.000000, 0.000000, 1190.000000
164.757507, 25.224363, 25.105295, 0.000000, 0.000000, 0.000000, 0.000000, 0.000000, 0.000000, 1200.000000
166.106995, 25.221878, 25.106304, 0.000000, 0.000000, 0.000000, 0.000000, 0.000000, 0.000000, 1210.000000
167.552414, 25.219467, 25.107267, 0.000000, 0.000000, 0.000000, 0.000000, 0.000000, 0.000000, 1220.000000
169.136185, 25.770046, 25.108187, 0.000000, 0.000000, 0.000000, 0.000000, 0.000000, 0.000000, 1230.000000
170.766968, 26.332521, 25.115646, 0.000000, 0.000000, 0.000000, 0.000000, 0.000000, 0.000000, 1240.000000
172.329224, 26.903713, 25.129683, 0.000000, 0.000000, 0.000000, 0.000000, 0.000000, 0.000000, 1250.000000
173.841354, 27.481150, 25.150295, 0.000000, 0.000000, 0.000000, 0.000000, 0.000000, 0.000000, 1260.000000
175.316101, 28.062901, 25.177456, 0.000000, 0.000000, 0.000000, 0.000000, 0.000000, 0.000000, 1270.000000
176.762451, 28.647516, 25.211113, 0.000000, 0.000000, 0.000000, 0.000000, 0.000000, 0.000000, 1280.000000
178.186554, 29.234053, 25.251198, 0.000000, 0.000000, 0.000000, 0.000000, 0.000000, 0.000000, 1290.000000
179.592163, 29.822113, 25.297632, 0.000000, 0.000000, 0.000000, 0.000000, 0.000000, 0.000000, 1300.000000
180.980988, 30.411795, 25.350332, 0.000000, 0.000000, 0.000000, 0.000000, 0.000000, 0.000000, 1310.000000
182.353210, 31.003572, 25.409220, 0.000000, 0.000000, 0.000000, 0.000000, 0.000000, 0.000000, 1320.000000
183.708084, 30.886833, 25.474222, 0.000000, 0.000000, 0.000000, 0.000000, 0.000000, 0.000000, 1330.000000
185.128006, 30.773886, 25.536810, 0.000000, 0.000000, 0.000000, 0.000000, 0.000000, 0.000000, 1340.000000
186.726013, 30.664600, 25.597065, 0.000000, 0.000000, 0.000000, 0.000000, 0.000000, 0.000000, 1350.000000
188.556778, 30.558853, 25.655069, 0.000000, 0.000000, 0.000000, 0.000000, 0.000000, 0.000000, 1360.000000
190.692947, 30.456524, 25.710899, 0.000000, 0.000000, 0.000000, 0.000000, 0.000000, 0.000000, 1370.000000
193.224335, 30.357494, 25.764631, 0.000000, 0.000000, 0.000000, 0.000000, 0.000000, 0.000000, 1380.000000
196.229462, 30.261652, 25.816336, 0.000000, 0.000000, 0.000000, 0.000000, 0.000000, 0.000000, 1390.000000
199.675690, 30.168890, 25.866085, 0.000000, 0.000000, 0.000000, 0.000000, 0.000000, 0.000000, 1400.000000
203.292480, 30.079102, 25.913944, 0.000000, 0.000000, 0.000000, 0.000000, 0.000000, 0.000000, 1410.000000
206.688080, 29.992186, 25.959980, 0.000000, 0.000000, 0.000000, 0.000000, 0.000000, 0.000000, 1420.000000
209.654968, 29.908043, 26.004255, 0.000000, 0.000000, 0.000000, 0.000000, 0.000000, 0.000000, 1430.000000
212.204391, 29.826580, 26.046831, 0.000000, 0.000000, 0.000000, 0.000000, 0.000000, 0.000000, 1440.000000
214.426025, 29.747705, 26.087765, 0.000000, 0.000000, 0.000000, 0.000000, 0.000000, 0.000000, 1450.000000
216.408142, 29.671331, 26.127113, 0.000000, 0.000000, 0.000000, 0.000000, 0.000000, 0.000000, 1460.000000
218.219528, 29.597372, 26.164932, 0.000000, 0.000000, 0.000000, 0.000000, 0.000000, 0.000000, 1470.000000
219.911194, 29.525745, 26.201275, 0.000000, 0.000000, 0.000000, 0.000000, 0.000000, 0.000000, 1480.000000
221.520996, 29.456371, 26.236191, 0.000000, 0.000000, 0.000000, 0.000000, 0.000000, 0.000000, 1490.000000
223.077332, 29.389174, 26.269732, 0.000000, 0.000000, 0.000000, 0.000000, 0.000000, 0.000000, 1500.000000
224.629166, 29.324078, 26.301943, 0.000000, 0.000000, 0.000000, 0.000000, 0.000000, 0.000000, 1510.000000
226.213974, 29.261013, 26.332870, 0.000000, 0.000000, 0.000000, 0.000000, 0.000000, 0.000000, 1520.000000
227.833023, 29.199909, 26.362560, 0.000000, 0.000000, 0.000000, 0.000000, 0.000000, 0.000000, 1530.000000
229.487411, 29.140701, 26.391054, 0.000000, 0.000000, 0.000000, 0.000000, 0.000000, 0.000000, 1540.000000
231.178253, 29.083323, 26.418394, 0.000000, 0.000000, 0.000000, 0.000000, 0.000000, 0.000000, 1550.000000
232.906845, 29.027712, 26.444620, 0.000000, 0.000000, 0.000000, 0.000000, 0.000000, 0.000000, 1560.000000
