Time(s), Twind(°C), TMotCase(°C), Flat_i(N), Flat_o(N), Flat_r(N), Frad_i(N), Frad_o(N), Frad_r(N)
0.000000, 25.000000, 25.000000, 0.000000, 0.000000, 0.000000, 0.000000, 0.000000, 0.000000, 0.000000
1.604739, 25.000000, 25.000000, 0.000000, 0.000000, 0.000000, 0.000000, 0.000000, 0.000000, 10.000000
3.245489, 25.000000, 25.000000, 0.000000, 0.000000, 0.000000, 0.000000, 0.000000, 0.000000, 20.000000
4.923686, 25.000000, 25.000000, 0.000000, 0.000000, 0.000000, 0.000000, 0.000000, 0.000000, 30.000000
6.640626, 25.000000, 25.000000, 0.000000, 0.000000, 0.000000, 0.000000, 0.000000, 0.000000, 40.000000
8.397644, 25.000000, 25.000000, 0.000000, 0.000000, 0.000000, 0.000000, 0.000000, 0.000000, 50.000000
10.196347, 25.000000, 25.000000, 0.000000, 0.000000, 0.000000, 0.000000, 0.000000, 0.000000, 60.000000
12.038916, 25.000000, 25.000000, 0.000000, 0.000000, 0.000000, 0.000000, 0.000000, 0.000000, 70.000000
13.928319, 25.000000, 25.000000, 0.000000, 0.000000, 0.000000, 0.000000, 0.000000, 0.000000, 80.000000
15.868431, 25.000000, 25.000000, 0.000000, 0.000000, 0.000000, 0.000000, 0.000000, 0.000000, 90.000000
17.862900, 25.000000, 25.000000, 0.000000, 0.000000, 0.000000, 0.000000, 0.000000, 0.000000, 100.000000
19.912125, 25.000000, 25.000000, 0.000000, 0.000000, 0.000000, 0.000000, 0.000000, 0.000000, 110.000000
22.009916, 25.000000, 25.000000, 0.000000, 0.000000, 0.000000, 0.000000, 0.000000, 0.000000, 120.000000
24.141949, 25.000000, 25.000000, 0.000000, 0.000000, 0.000000, 0.000000, 0.000000, 0.000000, 130.000000
26.283764, 25.000000, 25.000000, 0.000000, 0.000000, 0.000000, 0.000000, 0.000000, 0.000000, 140.000000
28.414385, 25.000000, 25.000000, 0.000000, 0.000000, 0.000000, 0.000000, 0.000000, 0.000000, 150.000000
30.504854, 25.000000, 25.000000, 0.000000, 0.000000, 0.000000, 0.000000, 0.000000, 0.000000, 160.000000
32.534164, 25.000000, 25.000000, 0.000000, 0.000000, 0.000000, 0.000000, 0.000000, 0.000000, 170.000000
34.488586, 25.000000, 25.000000, 0.000000, 0.000000, 0.000000, 0.000000, 0.000000, 0.000000, 180.000000
36.361404, 25.000000, 25.000000, 0.000000, 0.000000, 0.000000, 0.000000, 0.000000, 0.000000, 190.000000
38.142956, 25.000000, 25.000000, 0.000000, 0.000000, 0.000000, 0.000000, 0.000000, 0.000000, 200.000000
39.830814, 25.000000, 25.000000, 0.000000, 0.000000, 0.000000, 0.000000, 0.000000, 0.000000, 210.000000
41.433743, 25.000000, 25.000000, 0.000000, 0.000000, 0.000000, 0.000000, 0.000000, 0.000000, 220.000000
42.959984, 25.000000, 25.000000, 0.000000, 0.000000, 0.000000, 0.000000, 0.000000, 0.000000, 230.000000
44.417259, 25.000000, 25.000000, 0.000000, 0.000000, 0.000000, 0.000000, 0.000000, 0.000000, 240.000000
45.812794, 25.000000, 25.000000, 0.000000, 0.000000, 0.000000, 0.000000, 0.000000, 0.000000, 250.000000
47.153412, 25.000000, 25.000000, 0.000000, 0.000000, 0.000000, 0.000000, 0.000000, 0.000000, 260.000000
48.445477, 25.000000, 25.000000, 0.000000, 0.000000, 0.000000, 0.000000, 0.000000, 0.000000, 270.000000
49.694794, 25.000000, 25.000000, 0.000000, 0.000000, 0.000000, 0.000000, 0.000000, 0.000000, 280.000000
50.906574, 25.000000, 25.000000, 0.000000, 0.000000, 0.000000, 0.000000, 0.000000, 0.000000, 290.000000
52.085598, 25.000000, 25.000000, 0.000000, 0.000000, 0.000000, 0.000000, 0.000000, 0.000000, 300.000000
53.236393, 25.000000, 25.000000, 0.000000, 0.000000, 0.000000, 0.000000, 0.000000, 0.000000, 310.000000
54.363392, 25.000000, 25.000000, 0.000000, 0.000000, 0.000000, 0.000000, 0.000000, 0.000000, 320.000000
55.470963, 25.000000, 25.000000, 0.000000, 0.000000, 0.000000, 0.000000, 0.000000, 0.000000, 330.000000
56.563248, 25.000000, 25.000000, 0.000000, 0.000000, 0.000000, 0.000000, 0.000000, 0.000000, 340.000000
57.643970, 25.000000, 25.000000, 0.000000, 0.000000, 0.000000, 0.000000, 0.000000, 0.000000, 350.000000
58.716278, 25.000000, 25.000000, 0.000000, 0.000000, 0.000000, 0.000000, 0.000000, 0.000000, 360.000000
59.782578, 25.000000, 25.000000, 0.000000, 0.000000, 0.000000, 0.000000, 0.000000, 0.000000, 370.000000
60.844448, 25.000000, 25.000000, 0.000000, 0.000000, 0.000000, 0.000000, 0.000000, 0.000000, 380.000000
61.902851, 25.000000, 25.000000, 0.000000, 0.000000, 0.000000, 0.000000, 0.000000, 0.000000, 390.000000
62.958477, 25.000000, 25.000000, 0.000000, 0.000000, 0.000000, 0.000000, 0.000000, 0.000000, 400.000000
64.012054, 25.000000, 25.000000, 0.000000, 0.000000, 0.000000, 0.000000, 0.000000, 0.000000, 410.000000
65.064270, 25.000000, 25.000000, 0.000000, 0.000000, 0.000000, 0.000000, 0.000000, 0.000000, 420.000000
66.116043, 25.000000, 25.000000, 0.000000, 0.000000, 0.000000, 0.000000, 0.000000, 0.000000, 430.000000
67.167702, 25.000000, 25.000000, 0.000000, 0.000000, 0.000000, 0.000000, 0.000000, 0.000000, 440.000000
68.220016, 25.000000, 25.000000, 0.000000, 0.000000, 0.000000, 0.000000, 0.000000, 0.000000, 450.000000
69.273415, 25.000000, 25.000000, 0.000000, 0.000000, 0.000000, 0.000000, 0.000000, 0.000000, 460.000000
70.328125, 25.000000, 25.000000, 0.000000, 0.000000, 0.000000, 0.000000, 0.000000, 0.000000, 470.000000
71.384499, 25.000000, 25.000000, 0.000000, 0.000000, 0.000000, 0.000000, 0.000000, 0.000000, 480.000000
72.443001, 25.000000, 25.000000, 0.000000, 0.000000, 0.000000, 0.000000, 0.000000, 0.000000, 490.000000
73.504082, 25.000000, 25.000000, 0.000000, 0.000000, 0.000000, 0.000000, 0.000000, 0.000000, 500.000000
74.568253, 25.000000, 25.000000, 0.000000, 0.000000, 0.000000, 0.000000, 0.000000, 0.000000, 510.000000
75.636116, 25.000000, 25.000000, 0.000000, 0.000000, 0.000000, 0.000000, 0.000000, 0.000000, 520.000000
76.708221, 25.000000, 25.000000, 0.000000, 0.000000, 0.000000, 0.000000, 0.000000, 0.000000, 530.000000
77.784973, 25.000000, 25.000000, 0.000000, 0.000000, 0.000000, 0.000000, 0.000000, 0.000000, 540.000000
78.866783, 25.000000, 25.000000, 0.000000, 0.000000, 0.000000, 0.000000, 0.000000, 0.000000, 550.000000
79.953972, 25.000000, 25.000000, 0.000000, 0.000000, 0.000000, 0.000000, 0.000000, 0.000000, 560.000000
81.046989, 25.000000, 25.000000, 0.000000, 0.000000, 0.000000, 0.000000, 0.000000, 0.000000, 570.000000
82.147392, 25.000000, 25.000000, 0.000000, 0.000000, 0.000000, 0.000000, 0.000000, 0.000000, 580.000000
83.257271, 25.000000, 25.000000, 0.000000, 0.000000, 0.000000, 0.000000, 0.000000, 0.000000, 590.000000
84.378731, 25.000000, 25.000000, 0.000000, 0.000000, 0.000000, 0.000000, 0.000000, 0.000000, 600.000000
85.515007, 25.000000, 25.000000, 0.000000, 0.000000, 0.000000, 0.000000, 0.000000, 0.000000, 610.000000
86.670158, 25.000000, 25.000000, 0.000000, 0.000000, 0.000000, 0.000000, 0.000000, 0.000000, 620.000000
87.848366, 25.000000, 25.000000, 0.000000, 0.000000, 0.000000, 0.000000, 0.000000, 0.000000, 630.000000
89.053337, 25.000000, 25.000000, 0.000000, 0.000000, 0.000000, 0.000000, 0.000000, 0.000000, 640.000000
90.288002, 25.000000, 25.000000, 0.000000, 0.000000, 0.000000, 0.000000, 0.000000, 0.000000, 650.000000
91.554405, 25.000000, 25.000000, 0.000000, 0.000000, 0.000000, 0.000000, 0.000000, 0.000000, 660.000000
92.853752, 25.000000, 25.000000, 0.000000, 0.000000, 0.000000, 0.000000, 0.000000, 0.000000, 670.000000
94.186531, 25.000000, 25.000000, 0.000000, 0.000000, 0.000000, 0.000000, 0.000000, 0.000000, 680.000000
95.552696, 25.000000, 25.000000, 0.000000, 0.000000, 0.000000, 0.000000, 0.000000, 0.000000, 690.000000
96.951759, 25.000000, 25.000000, 0.000000, 0.000000, 0.000000, 0.000000, 0.000000, 0.000000, 700.000000
98.382439, 25.000000, 25.000000, 0.000000, 0.000000, 0.000000, 0.000000, 0.000000, 0.000000, 710.000000
99.841652, 25.000000, 25.000000, 0.000000, 0.000000, 0.000000, 0.000000, 0.000000, 0.000000, 720.000000
101.323837, 25.000000, 25.000000, 0.000000, 0.000000, 0.000000, 0.000000, 0.000000, 0.000000, 730.000000
102.821480, 25.000000, 25.000000, 0.000000, 0.000000, 0.000000, 0.000000, 0.000000, 0.000000, 740.000000
104.326752, 25.000000, 25.000000, 0.000000, 0.000000, 0.000000, 0.000000, 0.000000, 0.000000, 750.000000
105.833443, 25.429092, 25.000000, 0.000000, 0.000000, 0.000000, 0.000000, 0.000000, 0.000000, 760.000000
107.265305, 25.896484, 25.005108, 0.000000, 0.000000, 0.000000, 0.000000, 0.000000, 0.000000, 770.000000
108.573769, 26.399408, 25.015697, 0.000000, 0.000000, 0.000000, 0.000000, 0.000000, 0.000000, 780.000000
109.786148, 26.370533, 25.032106, 0.000000, 0.000000, 0.000000, 0.000000, 0.000000, 0.000000, 790.000000
110.961662, 26.342604, 25.047913, 0.000000, 0.000000, 0.000000, 0.000000, 0.000000, 0.000000, 800.000000
112.144676, 26.315586, 25.063137, 0.000000, 0.000000, 0.000000, 0.000000, 0.000000, 0.000000, 810.000000
113.332275, 26.289450, 25.077801, 0.000000, 0.000000, 0.000000, 0.000000, 0.000000, 0.000000, 820.000000
114.522354, 26.264166, 25.091921, 0.000000, 0.000000, 0.000000, 0.000000, 0.000000, 0.000000, 830.000000
115.713791, 26.239704, 25.105518, 0.000000, 0.000000, 0.000000, 0.000000, 0.000000, 0.000000, 840.000000
116.904160, 26.216036, 25.118608, 0.000000, 0.000000, 0.000000, 0.000000, 0.000000, 0.000000, 850.000000
118.095436, 26.193136, 25.131212, 0.000000, 0.000000, 0.000000, 0.000000, 0.000000, 0.000000, 860.000000
119.285088, 26.170977, 25.143343, 0.000000, 0.000000, 0.000000, 0.000000, 0.000000, 0.000000, 870.000000
120.471703, 26.149532, 25.155020, 0.000000, 0.000000, 0.000000, 0.000000, 0.000000, 0.000000, 880.000000
121.654037, 26.128778, 25.166256, 0.000000, 0.000000, 0.000000, 0.000000, 0.000000, 0.000000, 890.000000
122.830986, 26.108692, 25.177069, 0.000000, 0.000000, 0.000000, 0.000000, 0.000000, 0.000000, 900.000000
124.001770, 26.089251, 25.187471, 0.000000, 0.000000, 0.000000, 0.000000, 0.000000, 0.000000, 910.000000
125.166084, 26.070433, 25.197479, 0.000000, 0.000000, 0.000000, 0.000000, 0.000000, 0.000000, 920.000000
126.323860, 26.052216, 25.207106, 0.000000, 0.000000, 0.000000, 0.000000, 0.000000, 0.000000, 930.000000
127.475296, 26.034580, 25.216362, 0.000000, 0.000000, 0.000000, 0.000000, 0.000000, 0.000000, 940.000000
128.620667, 26.017506, 25.225264, 0.000000, 0.000000, 0.000000, 0.000000, 0.000000, 0.000000, 950.000000
129.760620, 26.000973, 25.233820, 0.000000, 0.000000, 0.000000, 0.000000, 0.000000, 0.000000, 960.000000
130.895920, 25.984964, 25.242044, 0.000000, 0.000000, 0.000000, 0.000000, 0.000000, 0.000000, 970.000000
132.026962, 25.969461, 25.249950, 0.000000, 0.000000, 0.000000, 0.000000, 0.000000, 0.000000, 980.000000
133.154221, 25.954447, 25.257545, 0.000000, 0.000000, 0.000000, 0.000000, 0.000000, 0.000000, 990.000000
134.278091, 25.939903, 25.264843, 0.000000, 0.000000, 0.000000, 0.000000, 0.000000, 0.000000, 1000.000000
135.398865, 25.925816, 25.271852, 0.000000, 0.000000, 0.000000, 0.000000, 0.000000, 0.000000, 1010.000000
136.516830, 25.912169, 25.278584, 0.000000, 0.000000, 0.000000, 0.000000, 0.000000, 0.000000, 1020.000000
137.632156, 25.898947, 25.285046, 0.000000, 0.000000, 0.000000, 0.000000, 0.000000, 0.000000, 1030.000000
138.744888, 25.886137, 25.291248, 0.000000, 0.000000, 0.000000, 0.000000, 0.000000, 0.000000, 1040.000000
139.855179, 25.873724, 25.297201, 0.000000, 0.000000, 0.000000, 0.000000, 0.000000, 0.000000, 1050.000000
140.963089, 25.861694, 25.302912, 0.000000, 0.000000, 0.000000, 0.000000, 0.000000, 0.000000, 1060.000000
142.068665, 25.850035, 25.308390, 0.000000, 0.000000, 0.000000, 0.000000, 0.000000, 0.000000, 1070.000000
143.171860, 25.838732, 25.313643, 0.000000, 0.000000, 0.000000, 0.000000, 0.000000, 0.000000, 1080.000000
144.272522, 25.827774, 25.318678, 0.000000, 0.000000, 0.000000, 0.000000, 0.000000, 0.000000, 1090.000000
145.370483, 25.817150, 25.323503, 0.000000, 0.000000, 0.000000, 0.000000, 0.000000, 0.000000, 1100.000000
146.465530, 25.806849, 25.328127, 0.000000, 0.000000, 0.000000, 0.000000, 0.000000, 0.000000, 1110.000000
147.557449, 25.796860, 25.332554, 0.000000, 0.000000, 0.000000, 0.000000, 0.000000, 0.000000, 1120.000000
148.646057, 25.787170, 25.336792, 0.000000, 0.000000, 0.000000, 0.000000, 0.000000, 0.000000, 1130.000000
149.731323, 25.777773, 25.340849, 0.000000, 0.000000, 0.000000, 0.000000, 0.000000, 0.000000, 1140.000000
150.815018, 25.768656, 25.344728, 0.000000, 0.000000, 0.000000, 0.000000, 0.000000, 0.000000, 1150.000000
151.901642, 25.759809, 25.348438, 0.000000, 0.000000, 0.000000, 0.000000, 0.000000, 0.000000, 1160.000000
152.996765, 25.751225, 25.351984, 0.000000, 0.000000, 0.000000, 0.000000, 0.000000, 0.000000, 1170.000000
154.108170, 25.742893, 25.355373, 0.000000, 0.000000, 0.000000, 0.000000, 0.000000, 0.000000, 1180.000000
155.245605, 25.734806, 25.358610, 0.000000, 0.000000, 0.000000, 0.000000, 0.000000, 0.000000, 1190.000000
156.421036, 25.726955, 25.361698, 0.000000, 0.000000, 0.000000, 0.000000, 0.000000, 0.000000, 1200.000000
157.649384, 25.719334, 25.364645, 0.000000, 0.000000, 0.000000, 0.000000, 0.000000, 0.000000, 1210.000000
158.950104, 25.711931, 25.367455, 0.000000, 0.000000, 0.000000, 0.000000, 0.000000, 0.000000, 1220.000000
160.350418, 25.704742, 25.370131, 0.000000, 0.000000, 0.000000, 0.000000, 0.000000, 0.000000, 1230.000000
161.892044, 26.203691, 25.372679, 0.000000, 0.000000, 0.000000, 0.000000, 0.000000, 0.000000, 1240.000000
163.504272, 26.707018, 25.381126, 0.000000, 0.000000, 0.000000, 0.000000, 0.000000, 0.000000, 1250.000000
165.085220, 27.211893, 25.395432, 0.000000, 0.000000, 0.000000, 0.000000, 0.000000, 0.000000, 1260.000000
166.645905, 27.715979, 25.415520, 0.000000, 0.000000, 0.000000, 0.000000, 0.000000, 0.000000, 1270.000000
168.194717, 28.217403, 25.441292, 0.000000, 0.000000, 0.000000, 0.000000, 0.000000, 0.000000, 1280.000000
169.737717, 28.714849, 25.472626, 0.000000, 0.000000, 0.000000, 0.000000, 0.000000, 0.000000, 1290.000000
171.278732, 29.207659, 25.509386, 0.000000, 0.000000, 0.000000, 0.000000, 0.000000, 0.000000, 1300.000000
171.278732, 29.695810, 25.551432, 0.000000, 0.000000, 0.000000, 0.000000, 0.000000, 0.000000, 1310.000000
172.819046, 30.179806, 25.598625, 0.000000, 0.000000, 0.000000, 0.000000, 0.000000, 0.000000, 1320.000000
174.357071, 30.660519, 25.650835, 0.000000, 0.000000, 0.000000, 0.000000, 0.000000, 0.000000, 1330.000000
175.883453, 30.555979, 25.707943, 0.000000, 0.000000, 0.000000, 0.000000, 0.000000, 0.000000, 1340.000000
177.498367, 30.454813, 25.762905, 0.000000, 0.000000, 0.000000, 0.000000, 0.000000, 0.000000, 1350.000000
179.354523, 30.356905, 25.815796, 0.000000, 0.000000, 0.000000, 0.000000, 0.000000, 0.000000, 1360.000000
181.531067, 30.262144, 25.866688, 0.000000, 0.000000, 0.000000, 0.000000, 0.000000, 0.000000, 1370.000000
184.129974, 30.170422, 25.915648, 0.000000, 0.000000, 0.000000, 0.000000, 0.000000, 0.000000, 1380.000000
187.248978, 30.081635, 25.962744, 0.000000, 0.000000, 0.000000, 0.000000, 0.000000, 0.000000, 1390.000000
190.867935, 29.995684, 26.008039, 0.000000, 0.000000, 0.000000, 0.000000, 0.000000, 0.000000, 1400.000000
194.683792, 29.912472, 26.051598, 0.000000, 0.000000, 0.000000, 0.000000, 0.000000, 0.000000, 1410.000000
198.241867, 29.831905, 26.093479, 0.000000, 0.000000, 0.000000, 0.000000, 0.000000, 0.000000, 1420.000000
201.314804, 29.753893, 26.133741, 0.000000, 0.000000, 0.000000, 0.000000, 0.000000, 0.000000, 1430.000000
203.930008, 29.678349, 26.172440, 0.000000, 0.000000, 0.000000, 0.000000, 0.000000, 0.000000, 1440.000000
206.194305, 29.605188, 26.209627, 0.000000, 0.000000, 0.000000, 0.000000, 0.000000, 0.000000, 1450.000000
208.206146, 29.534332, 26.245358, 0.000000, 0.000000, 0.000000, 0.000000, 0.000000, 0.000000, 1460.000000
210.039719, 29.465700, 26.279680, 0.000000, 0.000000, 0.000000, 0.000000, 0.000000, 0.000000, 1470.000000
211.748978, 29.399216, 26.312645, 0.000000, 0.000000, 0.000000, 0.000000, 0.000000, 0.000000, 1480.000000
213.373413, 29.334806, 26.344299, 0.000000, 0.000000, 0.000000, 0.000000, 0.000000, 0.000000, 1490.000000
214.942413, 29.272402, 26.374687, 0.000000, 0.000000, 0.000000, 0.000000, 0.000000, 0.000000, 1500.000000
216.506439, 29.211933, 26.403852, 0.000000, 0.000000, 0.000000, 0.000000, 0.000000, 0.000000, 1510.000000
218.104141, 29.153336, 26.431837, 0.000000, 0.000000, 0.000000, 0.000000, 0.000000, 0.000000, 1520.000000
219.736847, 29.096544, 26.458683, 0.000000, 0.000000, 0.000000, 0.000000, 0.000000, 0.000000, 1530.000000
221.405716, 29.041498, 26.484430, 0.000000, 0.000000, 0.000000, 0.000000, 0.000000, 0.000000, 1540.000000
223.111893, 28.988138, 26.509115, 0.000000, 0.000000, 0.000000, 0.000000, 0.000000, 0.000000, 1550.000000
224.856750, 28.936407, 26.532776, 0.000000, 0.000000, 0.000000, 0.000000, 0.000000, 0.000000, 1560.000000
