Time(s), Twind(°C), TMotCase(°C), Flat_i(N), Flat_o(N), Flat_r(N), Frad_i(N), Frad_o(N), Frad_r(N)
0.000000, 25.000000, 25.000000, 0.000000, 0.000000, 0.000000, 0.000000, 0.000000, 0.000000, 0.000000
1.658373, 25.000000, 25.000000, 0.000000, 0.000000, 0.000000, 0.000000, 0.000000, 0.000000, 10.000000
3.356121, 25.000000, 25.000000, 0.000000, 0.000000, 0.000000, 0.000000, 0.000000, 0.000000, 20.000000
5.094896, 25.000000, 25.000000, 0.000000, 0.000000, 0.000000, 0.000000, 0.000000, 0.000000, 30.000000
6.876197, 25.000000, 25.000000, 0.000000, 0.000000, 0.000000, 0.000000, 0.000000, 0.000000, 40.000000
8.701571, 25.000000, 25.000000, 0.000000, 0.000000, 0.000000, 0.000000, 0.000000, 0.000000, 50.000000
10.572935, 25.000000, 25.000000, 0.000000, 0.000000, 0.000000, 0.000000, 0.000000, 0.000000, 60.000000
12.492939, 25.000000, 25.000000, 0.000000, 0.000000, 0.000000, 0.000000, 0.000000, 0.000000, 70.000000
14.465233, 25.000000, 25.000000, 0.000000, 0.000000, 0.000000, 0.000000, 0.000000, 0.000000, 80.000000
16.494513, 25.000000, 25.000000, 0.000000, 0.000000, 0.000000, 0.000000, 0.000000, 0.000000, 90.000000
18.584106, 25.000000, 25.000000, 0.000000, 0.000000, 0.000000, 0.000000, 0.000000, 0.000000, 100.000000
20.731037, 25.000000, 25.000000, 0.000000, 0.000000, 0.000000, 0.000000, 0.000000, 0.000000, 110.000000
22.922499, 25.000000, 25.000000, 0.000000, 0.000000, 0.000000, 0.000000, 0.000000, 0.000000, 120.000000
25.136036, 25.000000, 25.000000, 0.000000, 0.000000, 0.000000, 0.000000, 0.000000, 0.000000, 130.000000
27.342096, 25.000000, 25.000000, 0.000000, 0.000000, 0.000000, 0.000000, 0.000000, 0.000000, 140.000000
29.509478, 25.000000, 25.000000, 0.000000, 0.000000, 0.000000, 0.000000, 0.000000, 0.000000, 150.000000
31.612520, 25.000000, 25.000000, 0.000000, 0.000000, 0.000000, 0.000000, 0.000000, 0.000000, 160.000000
33.634331, 25.000000, 25.000000, 0.000000, 0.000000, 0.000000, 0.000000, 0.000000, 0.000000, 170.000000
35.566711, 25.000000, 25.000000, 0.000000, 0.000000, 0.000000, 0.000000, 0.000000, 0.000000, 180.000000
37.408325, 25.000000, 25.000000, 0.000000, 0.000000, 0.000000, 0.000000, 0.000000, 0.000000, 190.000000
39.162151, 25.000000, 25.000000, 0.000000, 0.000000, 0.000000, 0.000000, 0.000000, 0.000000, 200.000000
40.833118, 25.000000, 25.000000, 0.000000, 0.000000, 0.000000, 0.000000, 0.000000, 0.000000, 210.000000
42.426701, 25.000000, 25.000000, 0.000000, 0.000000, 0.000000, 0.000000, 0.000000, 0.000000, 220.000000
43.948574, 25.000000, 25.000000, 0.000000, 0.000000, 0.000000, 0.000000, 0.000000, 0.000000, 230.000000
45.404556, 25.000000, 25.000000, 0.000000, 0.000000, 0.000000, 0.000000, 0.000000, 0.000000, 240.000000
46.800461, 25.000000, 25.000000, 0.000000, 0.000000, 0.000000, 0.000000, 0.000000, 0.000000, 250.000000
48.142036, 25.000000, 25.000000, 0.000000, 0.000000, 0.000000, 0.000000, 0.000000, 0.000000, 260.000000
49.434967, 25.000000, 25.000000, 0.000000, 0.000000, 0.000000, 0.000000, 0.000000, 0.000000, 270.000000
50.684715, 25.000000, 25.000000, 0.000000, 0.000000, 0.000000, 0.000000, 0.000000, 0.000000, 280.000000
51.896332, 25.000000, 25.000000, 0.000000, 0.000000, 0.000000, 0.000000, 0.000000, 0.000000, 290.000000
53.074436, 25.000000, 25.000000, 0.000000, 0.000000, 0.000000, 0.000000, 0.000000, 0.000000, 300.000000
54.223454, 25.000000, 25.000000, 0.000000, 0.000000, 0.000000, 0.000000, 0.000000, 0.000000, 310.000000
55.347782, 25.000000, 25.000000, 0.000000, 0.000000, 0.000000, 0.000000, 0.000000, 0.000000, 320.000000
56.451859, 25.000000, 25.000000, 0.000000, 0.000000, 0.000000, 0.000000, 0.000000, 0.000000, 330.000000
57.540009, 25.000000, 25.000000, 0.000000, 0.000000, 0.000000, 0.000000, 0.000000, 0.000000, 340.000000
58.616207, 25.000000, 25.000000, 0.000000, 0.000000, 0.000000, 0.000000, 0.000000, 0.000000, 350.000000
59.683865, 25.000000, 25.000000, 0.000000, 0.000000, 0.000000, 0.000000, 0.000000, 0.000000, 360.000000
60.745548, 25.000000, 25.000000, 0.000000, 0.000000, 0.000000, 0.000000, 0.000000, 0.000000, 370.000000
61.802937, 25.000000, 25.000000, 0.000000, 0.000000, 0.000000, 0.000000, 0.000000, 0.000000, 380.000000
62.856865, 25.000000, 25.000000, 0.000000, 0.000000, 0.000000, 0.000000, 0.000000, 0.000000, 390.000000
63.907627, 25.000000, 25.000000, 0.000000, 0.000000, 0.000000, 0.000000, 0.000000, 0.000000, 400.000000
64.955490, 25.000000, 25.000000, 0.000000, 0.000000, 0.000000, 0.000000, 0.000000, 0.000000, 410.000000
66.000900, 25.000000, 25.000000, 0.000000, 0.000000, 0.000000, 0.000000, 0.000000, 0.000000, 420.000000
67.044441, 25.000000, 25.000000, 0.000000, 0.000000, 0.000000, 0.000000, 0.000000, 0.000000, 430.000000
68.086960, 25.000000, 25.000000, 0.000000, 0.000000, 0.000000, 0.000000, 0.000000, 0.000000, 440.000000
69.128899, 25.000000, 25.000000, 0.000000, 0.000000, 0.000000, 0.000000, 0.000000, 0.000000, 450.000000
70.171364, 25.000000, 25.000000, 0.000000, 0.000000, 0.000000, 0.000000, 0.000000, 0.000000, 460.000000
71.214790, 25.000000, 25.000000, 0.000000, 0.000000, 0.000000, 0.000000, 0.000000, 0.000000, 470.000000
72.259399, 25.000000, 25.000000, 0.000000, 0.000000, 0.000000, 0.000000, 0.000000, 0.000000, 480.000000
73.305534, 25.000000, 25.000000, 0.000000, 0.000000, 0.000000, 0.000000, 0.000000, 0.000000, 490.000000
74.353600, 25.000000, 25.000000, 0.000000, 0.000000, 0.000000, 0.000000, 0.000000, 0.000000, 500.000000
75.403992, 25.000000, 25.000000, 0.000000, 0.000000, 0.000000, 0.000000, 0.000000, 0.000000, 510.000000
76.457283, 25.000000, 25.000000, 0.000000, 0.000000, 0.000000, 0.000000, 0.000000, 0.000000, 520.000000
77.514069, 25.000000, 25.000000, 0.000000, 0.000000, 0.000000, 0.000000, 0.000000, 0.000000, 530.000000
78.574890, 25.000000, 25.000000, 0.000000, 0.000000, 0.000000, 0.000000, 0.000000, 0.000000, 540.000000
79.640251, 25.000000, 25.000000, 0.000000, 0.000000, 0.000000, 0.000000, 0.000000, 0.000000, 550.000000
80.710526, 25.000000, 25.000000, 0.000000, 0.000000, 0.000000, 0.000000, 0.000000, 0.000000, 560.000000
81.786049, 25.000000, 25.000000, 0.000000, 0.000000, 0.000000, 0.000000, 0.000000, 0.000000, 570.000000
82.867271, 25.000000, 25.000000, 0.000000, 0.000000, 0.000000, 0.000000, 0.000000, 0.000000, 580.000000
83.954796, 25.000000, 25.000000, 0.000000, 0.000000, 0.000000, 0.000000, 0.000000, 0.000000, 590.000000
85.049431, 25.000000, 25.000000, 0.000000, 0.000000, 0.000000, 0.000000, 0.000000, 0.000000, 600.000000
86.152214, 25.000000, 25.000000, 0.000000, 0.000000, 0.000000, 0.000000, 0.000000, 0.000000, 610.000000
87.264565, 25.000000, 25.000000, 0.000000, 0.000000, 0.000000, 0.000000, 0.000000, 0.000000, 620.000000
88.388748, 25.000000, 25.000000, 0.000000, 0.000000, 0.000000, 0.000000, 0.000000, 0.000000, 630.000000
89.528290, 25.000000, 25.000000, 0.000000, 0.000000, 0.000000, 0.000000, 0.000000, 0.000000, 640.000000
90.687592, 25.000000, 25.000000, 0.000000, 0.000000, 0.000000, 0.000000, 0.000000, 0.000000, 650.000000
91.871017, 25.000000, 25.000000, 0.000000, 0.000000, 0.000000, 0.000000, 0.000000, 0.000000, 660.000000
93.082253, 25.000000, 25.000000, 0.000000, 0.000000, 0.000000, 0.000000, 0.000000, 0.000000, 670.000000
94.324036, 25.000000, 25.000000, 0.000000, 0.000000, 0.000000, 0.000000, 0.000000, 0.000000, 680.000000
95.598099, 25.469505, 25.000000, 0.000000, 0.000000, 0.000000, 0.000000, 0.000000, 0.000000, 690.000000
96.856148, 25.459707, 25.005589, 0.000000, 0.000000, 0.000000, 0.000000, 0.000000, 0.000000, 700.000000
98.098785, 25.450232, 25.010973, 0.000000, 0.000000, 0.000000, 0.000000, 0.000000, 0.000000, 710.000000
99.373016, 25.441065, 25.016159, 0.000000, 0.000000, 0.000000, 0.000000, 0.000000, 0.000000, 720.000000
100.678368, 25.432198, 25.021154, 0.000000, 0.000000, 0.000000, 0.000000, 0.000000, 0.000000, 730.000000
102.012932, 25.423620, 25.025965, 0.000000, 0.000000, 0.000000, 0.000000, 0.000000, 0.000000, 740.000000
103.372253, 25.415321, 25.030598, 0.000000, 0.000000, 0.000000, 0.000000, 0.000000, 0.000000, 750.000000
104.749565, 25.407293, 25.035059, 0.000000, 0.000000, 0.000000, 0.000000, 0.000000, 0.000000, 760.000000
106.137413, 25.399527, 25.039354, 0.000000, 0.000000, 0.000000, 0.000000, 0.000000, 0.000000, 770.000000
107.529778, 25.392012, 25.043489, 0.000000, 0.000000, 0.000000, 0.000000, 0.000000, 0.000000, 780.000000
108.923546, 25.384739, 25.047470, 0.000000, 0.000000, 0.000000, 0.000000, 0.000000, 0.000000, 790.000000
110.317970, 25.377701, 25.051300, 0.000000, 0.000000, 0.000000, 0.000000, 0.000000, 0.000000, 800.000000
111.714554, 25.370890, 25.054987, 0.000000, 0.000000, 0.000000, 0.000000, 0.000000, 0.000000, 810.000000
113.115074, 25.364298, 25.058535, 0.000000, 0.000000, 0.000000, 0.000000, 0.000000, 0.000000, 820.000000
114.520340, 25.357918, 25.061947, 0.000000, 0.000000, 0.000000, 0.000000, 0.000000, 0.000000, 830.000000
115.929100, 25.351742, 25.065229, 0.000000, 0.000000, 0.000000, 0.000000, 0.000000, 0.000000, 840.000000
117.338669, 25.345762, 25.068386, 0.000000, 0.000000, 0.000000, 0.000000, 0.000000, 0.000000, 850.000000
118.746506, 25.339973, 25.071423, 0.000000, 0.000000, 0.000000, 0.000000, 0.000000, 0.000000, 860.000000
120.151497, 25.334370, 25.074343, 0.000000, 0.000000, 0.000000, 0.000000, 0.000000, 0.000000, 870.000000
121.553398, 25.328943, 25.077150, 0.000000, 0.000000, 0.000000, 0.000000, 0.000000, 0.000000, 880.000000
122.951828, 25.323689, 25.079849, 0.000000, 0.000000, 0.000000, 0.000000, 0.000000, 0.000000, 890.000000
124.345673, 25.318600, 25.082441, 0.000000, 0.000000, 0.000000, 0.000000, 0.000000, 0.000000, 900.000000
125.733192, 25.313671, 25.084932, 0.000000, 0.000000, 0.000000, 0.000000, 0.000000, 0.000000, 910.000000
127.112328, 25.308897, 25.087326, 0.000000, 0.000000, 0.000000, 0.000000, 0.000000, 0.000000, 920.000000
128.481262, 25.304274, 25.089624, 0.000000, 0.000000, 0.000000, 0.000000, 0.000000, 0.000000, 930.000000
129.838776, 25.299795, 25.091831, 0.000000, 0.000000, 0.000000, 0.000000, 0.000000, 0.000000, 940.000000
131.184311, 25.295456, 25.093950, 0.000000, 0.000000, 0.000000, 0.000000, 0.000000, 0.000000, 950.000000
132.517914, 25.291250, 25.095985, 0.000000, 0.000000, 0.000000, 0.000000, 0.000000, 0.000000, 960.000000
133.839951, 25.287176, 25.097939, 0.000000, 0.000000, 0.000000, 0.000000, 0.000000, 0.000000, 970.000000
135.151062, 25.283228, 25.099812, 0.000000, 0.000000, 0.000000, 0.000000, 0.000000, 0.000000, 980.000000
136.451904, 25.279400, 25.101608, 0.000000, 0.000000, 0.000000, 0.000000, 0.000000, 0.000000, 990.000000
137.743179, 25.275690, 25.103331, 0.000000, 0.000000, 0.000000, 0.000000, 0.000000, 0.000000, 1000.000000
139.025650, 25.272093, 25.104982, 0.000000, 0.000000, 0.000000, 0.000000, 0.000000, 0.000000, 1010.000000
140.300079, 25.268606, 25.106565, 0.000000, 0.000000, 0.000000, 0.000000, 0.000000, 0.000000, 1020.000000
141.567215, 25.265224, 25.108082, 0.000000, 0.000000, 0.000000, 0.000000, 0.000000, 0.000000, 1030.000000
142.827774, 25.261946, 25.109533, 0.000000, 0.000000, 0.000000, 0.000000, 0.000000, 0.000000, 1040.000000
144.082382, 25.258766, 25.110924, 0.000000, 0.000000, 0.000000, 0.000000, 0.000000, 0.000000, 1050.000000
145.331512, 25.255682, 25.112253, 0.000000, 0.000000, 0.000000, 0.000000, 0.000000, 0.000000, 1060.000000
146.575531, 25.252689, 25.113525, 0.000000, 0.000000, 0.000000, 0.000000, 0.000000, 0.000000, 1070.000000
147.814667, 25.249784, 25.114742, 0.000000, 0.000000, 0.000000, 0.000000, 0.000000, 0.000000, 1080.000000
149.049042, 25.246967, 25.115906, 0.000000, 0.000000, 0.000000, 0.000000, 0.000000, 0.000000, 1090.000000
150.278809, 25.244232, 25.117016, 0.000000, 0.000000, 0.000000, 0.000000, 0.000000, 0.000000, 1100.000000
151.504028, 25.241577, 25.118076, 0.000000, 0.000000, 0.000000, 0.000000, 0.000000, 0.000000, 1110.000000
152.724716, 25.239000, 25.119089, 0.000000, 0.000000, 0.000000, 0.000000, 0.000000, 0.000000, 1120.000000
153.940659, 25.236498, 25.120054, 0.000000, 0.000000, 0.000000, 0.000000, 0.000000, 0.000000, 1130.000000
155.151611, 25.234068, 25.120975, 0.000000, 0.000000, 0.000000, 0.000000, 0.000000, 0.000000, 1140.000000
156.357254, 25.231709, 25.121853, 0.000000, 0.000000, 0.000000, 0.000000, 0.000000, 0.000000, 1150.000000
157.557266, 25.229416, 25.122688, 0.000000, 0.000000, 0.000000, 0.000000, 0.000000, 0.000000, 1160.000000
158.751389, 25.227188, 25.123484, 0.000000, 0.000000, 0.000000, 0.000000, 0.000000, 0.000000, 1170.000000
159.939545, 25.225023, 25.124239, 0.000000, 0.000000, 0.000000, 0.000000, 0.000000, 0.000000, 1180.000000
161.121826, 25.222919, 25.124958, 0.000000, 0.000000, 0.000000, 0.000000, 0.000000, 0.000000, 1190.000000
162.299088, 25.220875, 25.125641, 0.000000, 0.000000, 0.000000, 0.000000, 0.000000, 0.000000, 1200.000000
163.473816, 25.218887, 25.126287, 0.000000, 0.000000, 0.000000, 0.000000, 0.000000, 0.000000, 1210.000000
164.650909, 25.216955, 25.126900, 0.000000, 0.000000, 0.000000, 0.000000, 0.000000, 0.000000, 1220.000000
165.838043, 25.215076, 25.127480, 0.000000, 0.000000, 0.000000, 0.000000, 0.000000, 0.000000, 1230.000000
167.045944, 25.213249, 25.128029, 0.000000, 0.000000, 0.000000, 0.000000, 0.000000, 0.000000, 1240.000000
168.288330, 25.211472, 25.128548, 0.000000, 0.000000, 0.000000, 0.000000, 0.000000, 0.000000, 1250.000000
169.582565, 25.209742, 25.129036, 0.000000, 0.000000, 0.000000, 0.000000, 0.000000, 0.000000, 1260.000000
170.951385, 25.208057, 25.129498, 0.000000, 0.000000, 0.000000, 0.000000, 0.000000, 0.000000, 1270.000000
172.426758, 25.206419, 25.129930, 0.000000, 0.000000, 0.000000, 0.000000, 0.000000, 0.000000, 1280.000000
174.058533, 25.726458, 25.130337, 0.000000, 0.000000, 0.000000, 0.000000, 0.000000, 0.000000, 1290.000000
175.761948, 26.252071, 25.136927, 0.000000, 0.000000, 0.000000, 0.000000, 0.000000, 0.000000, 1300.000000
177.417328, 26.780405, 25.149670, 0.000000, 0.000000, 0.000000, 0.000000, 0.000000, 0.000000, 1310.000000
179.041382, 27.309214, 25.168501, 0.000000, 0.000000, 0.000000, 0.000000, 0.000000, 0.000000, 1320.000000
180.646103, 27.836733, 25.193329, 0.000000, 0.000000, 0.000000, 0.000000, 0.000000, 0.000000, 1330.000000
182.240051, 28.361710, 25.224043, 0.000000, 0.000000, 0.000000, 0.000000, 0.000000, 0.000000, 1340.000000
183.828720, 28.883497, 25.260521, 0.000000, 0.000000, 0.000000, 0.000000, 0.000000, 0.000000, 1350.000000
185.414566, 29.402031, 25.302635, 0.000000, 0.000000, 0.000000, 0.000000, 0.000000, 0.000000, 1360.000000
186.997559, 29.917704, 25.350256, 0.000000, 0.000000, 0.000000, 0.000000, 0.000000, 0.000000, 1370.000000
188.575912, 30.431206, 25.403263, 0.000000, 0.000000, 0.000000, 0.000000, 0.000000, 0.000000, 1380.000000
190.146896, 30.943388, 25.461546, 0.000000, 0.000000, 0.000000, 0.000000, 0.000000, 0.000000, 1390.000000
191.706467, 31.455595, 25.525007, 0.000000, 0.000000, 0.000000, 0.000000, 0.000000, 0.000000, 1400.000000
193.247513, 31.331839, 25.593563, 0.000000, 0.000000, 0.000000, 0.000000, 0.000000, 0.000000, 1410.000000
194.877762, 31.212095, 25.659565, 0.000000, 0.000000, 0.000000, 0.000000, 0.000000, 0.000000, 1420.000000
196.754013, 31.096228, 25.723101, 0.000000, 0.000000, 0.000000, 0.000000, 0.000000, 0.000000, 1430.000000
198.952423, 30.984104, 25.784254, 0.000000, 0.000000, 0.000000, 0.000000, 0.000000, 0.000000, 1440.000000
201.560043, 30.875597, 25.843107, 0.000000, 0.000000, 0.000000, 0.000000, 0.000000, 0.000000, 1450.000000
204.627640, 30.770582, 25.899742, 0.000000, 0.000000, 0.000000, 0.000000, 0.000000, 0.000000, 1460.000000
208.048569, 30.668940, 25.954233, 0.000000, 0.000000, 0.000000, 0.000000, 0.000000, 0.000000, 1470.000000
211.492004, 30.570555, 26.006655, 0.000000, 0.000000, 0.000000, 0.000000, 0.000000, 0.000000, 1480.000000
214.623138, 30.475317, 26.057077, 0.000000, 0.000000, 0.000000, 0.000000, 0.000000, 0.000000, 1490.000000
217.332886, 30.383120, 26.105572, 0.000000, 0.000000, 0.000000, 0.000000, 0.000000, 0.000000, 1500.000000
219.675659, 30.293858, 26.152203, 0.000000, 0.000000, 0.000000, 0.000000, 0.000000, 0.000000, 1510.000000
221.742950, 30.207432, 26.197037, 0.000000, 0.000000, 0.000000, 0.000000, 0.000000, 0.000000, 1520.000000
223.613586, 30.123745, 26.240133, 0.000000, 0.000000, 0.000000, 0.000000, 0.000000, 0.000000, 1530.000000
225.347092, 30.042704, 26.281555, 0.000000, 0.000000, 0.000000, 0.000000, 0.000000, 0.000000, 1540.000000
226.987350, 29.964218, 26.321358, 0.000000, 0.000000, 0.000000, 0.000000, 0.000000, 0.000000, 1550.000000
228.566940, 29.888201, 26.359598, 0.000000, 0.000000, 0.000000, 0.000000, 0.000000, 0.000000, 1560.000000
230.109772, 29.814568, 26.396332, 0.000000, 0.000000, 0.000000, 0.000000, 0.000000, 0.000000, 1570.000000
231.632721, 29.743238, 26.431608, 0.000000, 0.000000, 0.000000, 0.000000, 0.000000, 0.000000, 1580.000000
233.147278, 29.674133, 26.465479, 0.000000, 0.000000, 0.000000, 0.000000, 0.000000, 0.000000, 1590.000000
234.660828, 29.607176, 26.497993, 0.000000, 0.000000, 0.000000, 0.000000, 0.000000, 0.000000, 1600.000000
236.177826, 29.542295, 26.529198, 0.000000, 0.000000, 0.000000, 0.000000, 0.000000, 0.000000, 1610.000000
237.701355, 29.479420, 26.559137, 0.000000, 0.000000, 0.000000, 0.000000, 0.000000, 0.000000, 1620.000000
239.235229, 29.418480, 26.587856, 0.000000, 0.000000, 0.000000, 0.000000, 0.000000, 0.000000, 1630.000000
240.783737, 29.359411, 26.615396, 0.000000, 0.000000, 0.000000, 0.000000, 0.000000, 0.000000, 1640.000000
242.345123, 29.302151, 26.641800, 0.000000, 0.000000, 0.000000, 0.000000, 0.000000, 0.000000, 1650.000000
